0.999913 0.002717 -0.000724 0.012886
0.999242 0.008119 -0.002158 0.038002
0.998006 0.013244 -0.003552 0.061606
0.996465 0.017877 -0.004970 0.081928
0.994810 0.022040 -0.006409 0.099127
0.993049 0.025851 -0.007736 0.114563
0.991397 0.029307 -0.008972 0.127250
0.989941 0.032406 -0.010176 0.137342
0.988563 0.035232 -0.011332 0.146194
0.987953 0.037729 -0.012651 0.149551
0.988081 0.039872 -0.014086 0.148011
0.988168 0.041744 -0.015355 0.146788
0.987905 0.043560 -0.016355 0.147913
0.987262 0.045291 -0.017123 0.151557
0.986600 0.046814 -0.017769 0.155286
0.985888 0.048228 -0.018341 0.159254
0.985134 0.049544 -0.018872 0.163404
0.984411 0.050713 -0.019309 0.167303
0.983888 0.051735 -0.019753 0.169991
0.983537 0.052610 -0.020158 0.171701
0.983191 0.053371 -0.020498 0.173397
0.982949 0.054053 -0.020864 0.174511
0.982837 0.054697 -0.021210 0.174900
0.982893 0.055360 -0.021540 0.174336
0.982968 0.056011 -0.021847 0.173663
0.982935 0.056578 -0.022101 0.173634
0.982874 0.057058 -0.022277 0.173801
0.981651 0.057531 -0.022142 0.180447
0.979160 0.057982 -0.021724 0.193422
0.976589 0.058369 -0.021200 0.205953
0.975018 0.058706 -0.020780 0.213215
0.974623 0.059038 -0.020683 0.214934
0.974406 0.059352 -0.020724 0.215825
0.973485 0.059759 -0.020756 0.219830
0.971940 0.060336 -0.020782 0.226406
0.970094 0.060679 -0.020590 0.234120
0.967847 0.060733 -0.020320 0.243250
0.965721 0.060797 -0.020026 0.251567
0.964556 0.060954 -0.019612 0.255990
0.964184 0.061056 -0.019151 0.257398
0.963981 0.061148 -0.018793 0.258162
0.965335 0.061250 -0.019081 0.253008
0.967819 0.061226 -0.019831 0.243277
0.969859 0.061059 -0.020615 0.234988
0.970486 0.060944 -0.021053 0.232379
0.969815 0.060922 -0.020967 0.235174
0.969030 0.060892 -0.020604 0.238428
0.968690 0.060936 -0.020208 0.239829
0.968860 0.061047 -0.020003 0.239131
0.969083 0.061139 -0.019966 0.238206
0.969827 0.061051 -0.020207 0.235158
0.971313 0.060918 -0.020800 0.228925
0.972668 0.060787 -0.021286 0.223090
0.972494 0.060745 -0.021335 0.223854
0.970837 0.060769 -0.020990 0.230958
0.969116 0.060772 -0.020499 0.238119
0.968314 0.060819 -0.020161 0.241378
0.968359 0.060877 -0.019939 0.241201
0.968502 0.060945 -0.019784 0.240622
0.969535 0.060950 -0.020002 0.236405
0.971151 0.060748 -0.020480 0.229685
0.972553 0.060476 -0.020992 0.223701
0.972859 0.060308 -0.021229 0.222392
0.972007 0.060194 -0.021013 0.226136
0.971116 0.060082 -0.020722 0.229988
0.971930 0.059966 -0.020846 0.226543
0.974382 0.059893 -0.021287 0.215730
0.976565 0.059775 -0.021751 0.205607
0.977445 0.059590 -0.021962 0.201416
0.977281 0.059436 -0.021940 0.202258
0.977165 0.059327 -0.022034 0.202839
0.976469 0.059331 -0.021905 0.206174
0.975153 0.059437 -0.021529 0.212322
0.973936 0.059560 -0.021170 0.217838
0.973140 0.059609 -0.020870 0.221383
0.972830 0.059627 -0.020679 0.222752
0.972602 0.059631 -0.020627 0.223752
0.972616 0.059522 -0.020681 0.223715
0.972984 0.059380 -0.020822 0.222131
0.973383 0.059271 -0.020954 0.220395
0.973508 0.059208 -0.021012 0.219850
0.973378 0.059203 -0.020961 0.220435
0.973277 0.059228 -0.020865 0.220881
0.973889 0.059211 -0.020902 0.218168
0.975141 0.059141 -0.021097 0.212503
0.975707 0.059061 -0.021175 0.209904
0.975682 0.059019 -0.021151 0.210035
0.975612 0.058946 -0.021206 0.210373
0.975610 0.058822 -0.021289 0.210408
0.975751 0.058716 -0.021342 0.209779
0.975916 0.058639 -0.021321 0.209033
0.975822 0.058637 -0.021174 0.209489
0.975401 0.058670 -0.020927 0.211455
0.974957 0.058679 -0.020707 0.213512
0.975406 0.058600 -0.020782 0.211463
0.976655 0.058403 -0.021208 0.205633
0.977869 0.058235 -0.021675 0.199778
0.979711 0.058043 -0.022229 0.190532
0.981908 0.057708 -0.022835 0.178900
0.983793 0.057360 -0.023356 0.168270
0.984654 0.057201 -0.023553 0.163186
0.984560 0.057186 -0.023480 0.163769
0.984385 0.057143 -0.023412 0.164843
0.983418 0.057192 -0.023082 0.170543
0.981675 0.057364 -0.022606 0.180311
0.980027 0.057563 -0.022222 0.189051
0.978750 0.057704 -0.021905 0.195550
0.977835 0.057778 -0.021627 0.200082
0.976931 0.057808 -0.021316 0.204473
0.975763 0.057796 -0.020831 0.210029
0.974532 0.057850 -0.020368 0.215700
0.973467 0.057923 -0.020043 0.220466
0.972682 0.057939 -0.019848 0.223919
0.972259 0.057954 -0.019816 0.225745
0.971908 0.057980 -0.019741 0.227253
0.972426 0.057922 -0.019855 0.225032
0.973801 0.057809 -0.020182 0.219003
0.975057 0.057688 -0.020518 0.213343
0.975981 0.057555 -0.020731 0.209090
0.976698 0.057462 -0.020852 0.205730
0.977395 0.057397 -0.021037 0.202388
0.978173 0.057288 -0.021267 0.198604
0.979047 0.057137 -0.021545 0.194265
0.979789 0.056968 -0.021737 0.190517
0.980610 0.056808 -0.021982 0.186263
0.981574 0.056703 -0.022312 0.181104
0.982439 0.056616 -0.022570 0.176349
0.983470 0.056530 -0.022889 0.170494
0.984523 0.056348 -0.023172 0.164325
0.985479 0.056192 -0.023469 0.158501
0.985902 0.056224 -0.023673 0.155810
0.985654 0.056279 -0.023602 0.157357
0.985340 0.056282 -0.023479 0.159332
0.984155 0.056407 -0.023112 0.166502
0.982027 0.056668 -0.022427 0.178632
0.980727 0.056882 -0.021992 0.185621
0.980276 0.056941 -0.021851 0.187988
0.979848 0.056948 -0.021697 0.190223
0.979644 0.056982 -0.021599 0.191269
0.979576 0.056991 -0.021513 0.191627
0.979395 0.056926 -0.021405 0.192579
0.979937 0.056807 -0.021550 0.189820
0.981231 0.056694 -0.021926 0.183005
0.982356 0.056552 -0.022297 0.176863
0.982880 0.056482 -0.022415 0.173935
0.982881 0.056484 -0.022341 0.173941
0.982883 0.056488 -0.022378 0.173924
0.982630 0.056498 -0.022348 0.175348
0.982108 0.056500 -0.022204 0.178266
0.981656 0.056528 -0.022106 0.180742
0.981203 0.056531 -0.021927 0.183205
0.980759 0.056518 -0.021711 0.185598
0.980413 0.056533 -0.021624 0.187424
0.980974 0.056494 -0.021770 0.184456
0.982273 0.056335 -0.022126 0.177416
0.983429 0.056149 -0.022577 0.170893
0.984015 0.056085 -0.022803 0.167478
0.984070 0.056115 -0.022818 0.167144
0.984069 0.056128 -0.022807 0.167145
0.984123 0.056114 -0.022762 0.166835
0.984274 0.056082 -0.022819 0.165949
0.984380 0.056024 -0.022858 0.165331
0.984066 0.056009 -0.022686 0.167219
0.983265 0.055988 -0.022356 0.171920
0.982416 0.055922 -0.022095 0.176757
0.982354 0.055897 -0.022125 0.177107
0.983039 0.055899 -0.022360 0.173233
0.983710 0.055915 -0.022578 0.169349
0.983773 0.056027 -0.022548 0.168948
0.983086 0.056096 -0.022271 0.172916
0.982237 0.056032 -0.022044 0.177722
0.981560 0.055961 -0.021923 0.181457
0.981149 0.055944 -0.021854 0.183683
0.980885 0.055988 -0.021828 0.185075
0.981159 0.056024 -0.022007 0.183584
0.981915 0.056028 -0.022387 0.179449
0.982523 0.055934 -0.022741 0.176077
0.982056 0.055817 -0.022614 0.178713
0.980598 0.055801 -0.021936 0.186637
0.979346 0.055945 -0.021212 0.193136
0.979891 0.056040 -0.021041 0.190341
0.981711 0.055839 -0.021422 0.180741
0.983270 0.055565 -0.022069 0.172065
0.983549 0.055586 -0.022444 0.170406
0.982461 0.055774 -0.022335 0.176522
0.981726 0.055830 -0.022268 0.180559
0.981548 0.055853 -0.022197 0.181526
0.981405 0.055901 -0.021956 0.182313
0.981466 0.055859 -0.021683 0.182026
0.981866 0.055809 -0.021595 0.179881
0.982296 0.055790 -0.021643 0.177519
0.982352 0.055791 -0.021745 0.177200
0.982196 0.055911 -0.021962 0.177995
0.982061 0.056020 -0.022177 0.178676
0.981782 0.055987 -0.022223 0.180209
0.981472 0.055894 -0.022185 0.181925
0.981425 0.055924 -0.022234 0.182164
0.982242 0.056069 -0.022534 0.177618
0.983379 0.055972 -0.022647 0.171230
0.984479 0.055873 -0.022857 0.164792
0.985211 0.056007 -0.023161 0.160270
0.985269 0.056038 -0.023296 0.159883
0.985171 0.055906 -0.023425 0.160514
0.984835 0.055839 -0.023356 0.162594
0.984264 0.055810 -0.023121 0.166060
0.983836 0.055866 -0.022825 0.168599
0.983457 0.056001 -0.022494 0.170792
0.983039 0.056106 -0.022179 0.173189
0.982698 0.056219 -0.022021 0.175099
0.981584 0.056385 -0.021753 0.181221
0.979671 0.056607 -0.021328 0.191275
0.977591 0.056706 -0.020747 0.201669
0.976235 0.056677 -0.020372 0.208179
0.975876 0.056639 -0.020339 0.209866
0.975679 0.056677 -0.020265 0.210779
0.976336 0.056618 -0.020252 0.207732
0.977846 0.056493 -0.020441 0.200517
0.979242 0.056383 -0.020696 0.193589
0.979646 0.056342 -0.020758 0.191541
0.979059 0.056325 -0.020621 0.194540
0.978402 0.056241 -0.020541 0.197852
0.978105 0.056120 -0.020578 0.199343
0.978180 0.056010 -0.020598 0.199005
0.978337 0.055955 -0.020637 0.198243
0.977959 0.055939 -0.020493 0.200118
0.977145 0.056027 -0.020147 0.204065
0.976438 0.056151 -0.019901 0.207412
0.976759 0.056098 -0.020041 0.205894
0.978098 0.055920 -0.020520 0.199442
0.979319 0.055746 -0.020963 0.193360
0.979735 0.055679 -0.021126 0.191240
0.979464 0.055742 -0.021072 0.192612
0.979159 0.055789 -0.021000 0.194149
0.978884 0.055863 -0.020836 0.195530
0.978587 0.055933 -0.020626 0.197013
0.978467 0.055885 -0.020475 0.197638
0.978673 0.055818 -0.020475 0.196635
0.978922 0.055781 -0.020557 0.195393
0.978834 0.055738 -0.020549 0.195843
0.978505 0.055729 -0.020554 0.197481
0.978286 0.055774 -0.020606 0.198548
0.978891 0.055767 -0.020834 0.195523
0.980252 0.055710 -0.021263 0.188545
0.981521 0.055672 -0.021636 0.181794
0.982514 0.055601 -0.021907 0.176337
0.983221 0.055465 -0.022088 0.172370
0.983839 0.055315 -0.022308 0.168832
0.983664 0.055304 -0.022258 0.169855
0.982724 0.055425 -0.021948 0.175212
0.981854 0.055574 -0.021689 0.180010
0.981652 0.055586 -0.021599 0.181115
0.982108 0.055459 -0.021685 0.178656
0.982582 0.055364 -0.021771 0.176047
0.982562 0.055376 -0.021789 0.176153
0.982034 0.055473 -0.021682 0.179060
0.981543 0.055572 -0.021654 0.181702
0.980738 0.055627 -0.021514 0.185997
0.979648 0.055677 -0.021174 0.191680
0.978704 0.055780 -0.020867 0.196447
0.977901 0.055838 -0.020596 0.200418
0.977253 0.055871 -0.020340 0.203571
0.976682 0.055918 -0.020118 0.206305
0.976945 0.055901 -0.020102 0.205062
0.977997 0.055811 -0.020305 0.199989
0.978945 0.055688 -0.020633 0.195293
0.979539 0.055595 -0.020889 0.192292
0.979818 0.055550 -0.020958 0.190869
0.980092 0.055528 -0.021039 0.189455
0.980778 0.055468 -0.021201 0.185873
0.981844 0.055376 -0.021469 0.180151
0.982785 0.055260 -0.021732 0.174948
0.983050 0.055173 -0.021825 0.173468
0.982738 0.055158 -0.021762 0.175245
0.982462 0.055169 -0.021719 0.176786
0.982445 0.055163 -0.021774 0.176872
0.982656 0.055150 -0.021822 0.175695
0.982895 0.055171 -0.021849 0.174346
0.982205 0.055280 -0.021588 0.178190
0.980599 0.055482 -0.021124 0.186817
0.979029 0.055682 -0.020698 0.194869
0.979441 0.055694 -0.020846 0.192766
0.981693 0.055498 -0.021567 0.180924
0.983663 0.055266 -0.022230 0.169876
0.983654 0.055260 -0.022211 0.169935
0.981777 0.055478 -0.021590 0.180474
0.980710 0.055593 -0.021221 0.186191
0.980641 0.055635 -0.021121 0.186551
0.980639 0.055665 -0.021100 0.186555
0.980847 0.055657 -0.021204 0.185452
0.981296 0.055647 -0.021410 0.183039
0.981627 0.055579 -0.021505 0.181267
0.981836 0.055451 -0.021534 0.180163
0.982070 0.055367 -0.021596 0.178904
0.982319 0.055327 -0.021631 0.177540
0.982517 0.055316 -0.021554 0.176453
0.982679 0.055342 -0.021435 0.175556
0.982854 0.055366 -0.021449 0.174561
0.982439 0.055368 -0.021414 0.176886
0.981451 0.055412 -0.021227 0.182298
0.980429 0.055434 -0.020958 0.187742
0.979897 0.055285 -0.020750 0.190563
0.980131 0.055115 -0.020733 0.189406
0.980634 0.055076 -0.020815 0.186789
0.981278 0.055034 -0.020911 0.183375
0.981851 0.054909 -0.020970 0.180319
0.982411 0.054812 -0.021156 0.177245
0.981983 0.054926 -0.021118 0.179572
0.980357 0.055127 -0.020698 0.188235
0.978734 0.055292 -0.020308 0.196497
0.977716 0.055424 -0.020033 0.201488
0.977269 0.055479 -0.019938 0.203643
0.976836 0.055502 -0.019890 0.205705
0.976571 0.055507 -0.019769 0.206971
0.976579 0.055545 -0.019708 0.206929
0.976612 0.055574 -0.019699 0.206767
0.976647 0.055592 -0.019710 0.206594
0.976682 0.055599 -0.019758 0.206421
0.976635 0.055552 -0.019791 0.206654
0.977384 0.055489 -0.020119 0.203068
0.978737 0.055327 -0.020411 0.196457
0.980007 0.055242 -0.020660 0.190020
0.979596 0.055379 -0.020533 0.192101
0.977439 0.055630 -0.019832 0.202791
0.975135 0.055793 -0.019195 0.213612
0.974260 0.055776 -0.018996 0.217590
0.975059 0.055694 -0.019228 0.213982
0.975966 0.055632 -0.019616 0.209789
0.976820 0.055557 -0.019929 0.205763
0.977583 0.055485 -0.020028 0.202116
0.978290 0.055433 -0.020174 0.198667
0.978032 0.055431 -0.020064 0.199944
0.976882 0.055505 -0.019762 0.205502
0.975805 0.055604 -0.019561 0.210545
0.974858 0.055667 -0.019386 0.214887
0.974061 0.055732 -0.019251 0.218470
0.974003 0.055732 -0.019328 0.218722
0.974566 0.055613 -0.019427 0.216218
0.975180 0.055548 -0.019541 0.213438
0.976711 0.055431 -0.019948 0.206315
0.978861 0.055203 -0.020468 0.195867
0.980764 0.054988 -0.020968 0.186113
0.981908 0.054871 -0.021337 0.179974
0.982334 0.054868 -0.021568 0.177609
0.982574 0.054804 -0.021638 0.176283
0.981706 0.054788 -0.021363 0.181093
0.979915 0.054994 -0.020936 0.190538
0.978234 0.055267 -0.020448 0.198963
0.976764 0.055455 -0.019939 0.206057
0.975545 0.055554 -0.019559 0.211761
0.974496 0.055668 -0.019317 0.216530
0.973350 0.055752 -0.019045 0.221628
0.972125 0.055826 -0.018722 0.226949
0.971044 0.055922 -0.018449 0.231532
0.970613 0.055977 -0.018377 0.233322
0.970711 0.055952 -0.018384 0.232918
0.970790 0.055912 -0.018310 0.232606
0.970615 0.055919 -0.018164 0.233343
0.970191 0.055950 -0.018000 0.235108
0.969906 0.056022 -0.017930 0.236269
0.970440 0.056047 -0.018055 0.234048
0.971630 0.055957 -0.018362 0.229055
0.972721 0.055854 -0.018695 0.224375
0.973778 0.055732 -0.018967 0.219749
0.974843 0.055626 -0.019149 0.214991
0.975898 0.055573 -0.019430 0.210138
0.976365 0.055550 -0.019621 0.207942
0.976293 0.055590 -0.019573 0.208275
0.976259 0.055653 -0.019534 0.208421
0.977435 0.055577 -0.019857 0.202825
0.980125 0.055599 -0.023760 0.188941
0.982653 0.055667 -0.028476 0.174597
0.983819 0.055930 -0.030519 0.167452
0.984212 0.056635 -0.033632 0.164280
0.985198 0.058076 -0.040574 0.156094
0.986158 0.059615 -0.047715 0.147178
0.986625 0.060806 -0.052356 0.141887
0.987068 0.062256 -0.057447 0.136088
0.987503 0.064029 -0.063951 0.129032
0.987801 0.065934 -0.069905 0.122537
0.987741 0.066909 -0.072110 0.121203
0.986765 0.067041 -0.070682 0.129632
0.985162 0.067158 -0.068735 0.142200
0.984142 0.067790 -0.068472 0.148933
0.983357 0.068702 -0.067760 0.153942
0.980459 0.068494 -0.063280 0.173220
0.976089 0.068199 -0.057677 0.198175
0.972627 0.068816 -0.054009 0.215276
0.969103 0.069372 -0.050639 0.231222
0.967025 0.070441 -0.047332 0.240124
0.966744 0.072067 -0.044159 0.241375
0.967448 0.073973 -0.042182 0.238312
0.968733 0.075592 -0.040501 0.232811
0.968811 0.076335 -0.036894 0.232846
0.968701 0.076948 -0.034405 0.233480
0.966618 0.077657 -0.033188 0.241905
0.958124 0.077148 -0.029353 0.274200
0.949523 0.076788 -0.025737 0.303064
0.944855 0.077685 -0.024246 0.317217
0.939162 0.078264 -0.022755 0.333665
0.930462 0.077845 -0.020469 0.357437
0.915950 0.076136 -0.017086 0.393633
0.897514 0.073838 -0.013720 0.434545
0.878611 0.071464 -0.010705 0.472039
0.859016 0.069260 -0.007428 0.507188
0.838770 0.067160 -0.003966 0.540313
0.816088 0.063265 -0.000554 0.574454
0.801455 0.061221 0.000361 0.594913
0.797372 0.062387 -0.001309 0.600254
0.783162 0.060410 -0.000404 0.618876
0.756536 0.054580 0.004121 0.651657
0.732874 0.050024 0.008867 0.678465
0.722125 0.049256 0.011116 0.689917
0.716113 0.049841 0.012249 0.696095
0.711393 0.051522 0.013381 0.700775
0.714139 0.054756 0.012956 0.697739
0.711087 0.056066 0.013555 0.700734
0.705035 0.056654 0.014673 0.706754
0.701017 0.057006 0.014875 0.710707
0.691376 0.056977 0.016082 0.720066
0.681221 0.058179 0.017369 0.729556
0.671357 0.059548 0.018984 0.738494
0.660799 0.060991 0.021035 0.747785
0.651987 0.061580 0.021783 0.755411
0.644238 0.061592 0.021912 0.762026
0.632610 0.061477 0.023310 0.771675
0.621351 0.061162 0.024284 0.780764
0.613403 0.060458 0.023909 0.787089
0.602356 0.059437 0.023709 0.795659
0.588240 0.057874 0.023627 0.806267
0.578318 0.056753 0.022702 0.813519
0.570755 0.055164 0.021517 0.818982
0.564027 0.052508 0.020164 0.823838
0.563158 0.050433 0.017013 0.824633
0.567761 0.048925 0.011789 0.821654
0.569210 0.046120 0.007351 0.820865
0.569357 0.044020 0.004258 0.820900
0.572003 0.042256 0.000193 0.819162
0.574028 0.036876 -0.005914 0.817984
0.576553 0.029728 -0.011708 0.816435
0.580736 0.026554 -0.013183 0.813552
0.583182 0.026523 -0.010987 0.811834
0.586881 0.027487 -0.009069 0.809156
0.594680 0.029870 -0.008587 0.803362
0.602307 0.031919 -0.008438 0.797581
0.609904 0.034056 -0.008356 0.791699
0.616656 0.035930 -0.008283 0.786369
0.622380 0.037525 -0.008141 0.781773
0.627544 0.039030 -0.007977 0.777561
0.632177 0.040413 -0.007817 0.773730
0.636247 0.041645 -0.007649 0.770323
0.641054 0.042683 -0.007668 0.766269
0.647060 0.043529 -0.008122 0.761152
0.652740 0.044370 -0.008546 0.756234
0.654563 0.045276 -0.008293 0.754605
0.653606 0.046122 -0.007939 0.755387
0.653443 0.046573 -0.008239 0.755497
0.655712 0.046573 -0.009389 0.753515
0.659998 0.046335 -0.011000 0.749756
0.663735 0.046183 -0.012166 0.746441
0.667895 0.046224 -0.013185 0.742702
0.672943 0.046409 -0.014391 0.738096
0.676706 0.046860 -0.014783 0.734612
0.675648 0.048051 -0.012894 0.735544
0.668120 0.050379 -0.008121 0.742302
0.659667 0.052183 -0.003654 0.749735
0.655541 0.052736 -0.002281 0.753312
0.653884 0.052917 -0.002448 0.754738
0.652623 0.053153 -0.002552 0.755811
0.650935 0.053405 -0.002567 0.757248
0.648851 0.053543 -0.002668 0.759025
0.647215 0.053773 -0.002843 0.760403
0.645187 0.053940 -0.002909 0.762112
0.642691 0.054072 -0.002813 0.764210
0.640640 0.054223 -0.002808 0.765919
0.641045 0.054312 -0.003095 0.765573
0.643420 0.054370 -0.003487 0.763572
0.645518 0.054433 -0.003784 0.761794
0.647600 0.054538 -0.004077 0.760015
0.649430 0.054630 -0.004332 0.758445
0.650995 0.054649 -0.004589 0.757098
0.653075 0.054717 -0.004912 0.755298
0.655473 0.054841 -0.005224 0.753207
0.657572 0.054902 -0.005520 0.751369
0.659955 0.054948 -0.005725 0.749271
0.662886 0.054992 -0.005921 0.746675
0.664912 0.055021 -0.006176 0.744867
0.665750 0.055081 -0.006349 0.744112
0.666279 0.055125 -0.006441 0.743634
0.668726 0.055145 -0.006697 0.741431
0.672952 0.055135 -0.007092 0.737594
0.676615 0.055052 -0.007414 0.734239
0.678733 0.054953 -0.007601 0.732287
0.679795 0.054957 -0.007722 0.731299
0.680844 0.055002 -0.007875 0.730318
0.680552 0.055013 -0.007958 0.730588
0.679016 0.055095 -0.007877 0.732011
0.677431 0.055167 -0.007748 0.733474
0.675068 0.055209 -0.007606 0.735647
0.671938 0.055236 -0.007447 0.738507
0.669246 0.055310 -0.007340 0.740943
0.669206 0.055428 -0.007379 0.740970
0.671312 0.055419 -0.007541 0.739062
0.673314 0.055391 -0.007700 0.737238
0.672996 0.055408 -0.007695 0.737527
0.670511 0.055464 -0.007546 0.739785
0.668153 0.055534 -0.007407 0.741911
0.668896 0.055578 -0.007509 0.741238
0.672576 0.055574 -0.007835 0.737897
0.675980 0.055551 -0.008130 0.734779
0.676244 0.055562 -0.008196 0.734534
0.673493 0.055604 -0.008041 0.737056
0.671022 0.055716 -0.007907 0.739298
0.668744 0.055856 -0.007787 0.741350
0.666279 0.055895 -0.007645 0.743566
0.663773 0.055901 -0.007442 0.745805
0.662830 0.055908 -0.007359 0.746643
0.663514 0.055911 -0.007456 0.746034
0.664291 0.055952 -0.007548 0.745339
0.663943 0.055971 -0.007472 0.745648
0.662635 0.055946 -0.007321 0.746814
0.661604 0.055910 -0.007298 0.747731
0.660368 0.055863 -0.007273 0.748826
0.658749 0.055810 -0.007167 0.750255
0.657544 0.055838 -0.007150 0.751310
0.658500 0.055891 -0.007308 0.750467
0.661100 0.055841 -0.007556 0.748179
0.663545 0.055779 -0.007792 0.746013
0.664999 0.055796 -0.007948 0.744714
0.665330 0.055798 -0.008007 0.744418
0.665480 0.055793 -0.008008 0.744285
0.664449 0.055845 -0.007929 0.745202
0.662334 0.055950 -0.007806 0.747076
0.660255 0.056019 -0.007689 0.748910
0.658503 0.056057 -0.007569 0.750449
0.657284 0.056122 -0.007483 0.751513
0.656036 0.056122 -0.007386 0.752604
0.654764 0.056093 -0.007263 0.753714
0.653724 0.056113 -0.007172 0.754616
0.654473 0.056066 -0.007192 0.753969
0.657283 0.055993 -0.007424 0.751524
0.660167 0.055957 -0.007725 0.748992
0.663659 0.055916 -0.008000 0.745900
0.667869 0.055872 -0.008307 0.742133
0.671610 0.055794 -0.008577 0.738751
0.672245 0.055768 -0.008566 0.738175
0.670120 0.055837 -0.008340 0.740103
0.668114 0.055879 -0.008179 0.741912
0.665969 0.055873 -0.008056 0.743840
0.663815 0.055916 -0.007950 0.745762
0.661883 0.055963 -0.007869 0.747474
0.659865 0.055929 -0.007779 0.749260
0.657992 0.055893 -0.007734 0.750908
0.656188 0.055898 -0.007630 0.752486
0.656776 0.055948 -0.007662 0.751968
0.659620 0.055963 -0.007874 0.749472
0.662202 0.055927 -0.008069 0.747192
0.663757 0.055929 -0.008259 0.745808
0.663985 0.055905 -0.008344 0.745607
0.663988 0.055904 -0.008345 0.745604
0.663360 0.055993 -0.008292 0.746156
0.662112 0.056098 -0.008237 0.747257
0.660725 0.056132 -0.008134 0.748482
0.659673 0.056095 -0.008020 0.749414
0.659439 0.056090 -0.008029 0.749620
0.659276 0.056097 -0.008042 0.749762
0.659376 0.056142 -0.008057 0.749671
0.659699 0.056169 -0.008079 0.749384
0.659770 0.056165 -0.008018 0.749323
0.661933 0.056155 -0.008161 0.747412
0.666177 0.056119 -0.008549 0.743630
0.670132 0.056133 -0.008882 0.740063
0.669839 0.056155 -0.008839 0.740327
0.665639 0.056178 -0.008514 0.744108
0.661701 0.056211 -0.008240 0.747612
0.659954 0.056206 -0.008113 0.749157
0.660439 0.056206 -0.008139 0.748729
0.661005 0.056234 -0.008151 0.748227
0.658587 0.056258 -0.007952 0.750357
0.653505 0.056340 -0.007602 0.754785
0.648655 0.056436 -0.007235 0.758953
0.646068 0.056506 -0.007067 0.761153
0.645682 0.056537 -0.007103 0.761477
0.645500 0.056576 -0.007158 0.761628
0.644372 0.056600 -0.007162 0.762581
0.642099 0.056591 -0.007031 0.764498
0.642854 0.056567 -0.007083 0.763865
0.646627 0.056502 -0.007352 0.760675
0.650380 0.056446 -0.007668 0.757470
0.651803 0.056402 -0.007819 0.756248
0.651050 0.056438 -0.007792 0.756894
0.650196 0.056459 -0.007749 0.757626
0.648098 0.056390 -0.007589 0.759428
0.645148 0.056352 -0.007390 0.761941
0.642464 0.056380 -0.007183 0.764205
0.641307 0.056406 -0.007067 0.765175
0.641669 0.056418 -0.007081 0.764871
0.642163 0.056447 -0.007134 0.764454
0.643971 0.056397 -0.007274 0.762934
0.647038 0.056306 -0.007490 0.760339
0.649921 0.056279 -0.007646 0.757877
0.651607 0.056307 -0.007714 0.756425
0.652213 0.056378 -0.007763 0.755896
0.652848 0.056440 -0.007871 0.755342
0.655489 0.056395 -0.008107 0.753053
0.660054 0.056283 -0.008447 0.749060
0.664477 0.056191 -0.008839 0.745141
0.666439 0.056171 -0.008979 0.743386
0.666069 0.056168 -0.008912 0.743719
0.665685 0.056126 -0.008912 0.744065
0.665330 0.056077 -0.008915 0.744387
0.665143 0.056107 -0.008896 0.744552
0.665018 0.056167 -0.008866 0.744660
0.664327 0.056179 -0.008808 0.745276
0.663263 0.056222 -0.008744 0.746221
0.662331 0.056287 -0.008701 0.747043
0.663162 0.056276 -0.008799 0.746306
0.665716 0.056261 -0.008983 0.744027
0.668207 0.056286 -0.009155 0.741786
0.669304 0.056241 -0.009256 0.740799
0.669055 0.056175 -0.009241 0.741029
0.668724 0.056148 -0.009170 0.741331
0.668205 0.056166 -0.009116 0.741798
0.667430 0.056169 -0.009099 0.742496
0.666515 0.056126 -0.009046 0.743320
0.664994 0.056099 -0.008953 0.744685
0.662930 0.056108 -0.008818 0.746524
0.661114 0.056177 -0.008691 0.748129
0.660082 0.056204 -0.008586 0.749039
0.659802 0.056170 -0.008514 0.749289
0.659720 0.056151 -0.008492 0.749363
0.657859 0.056162 -0.008358 0.750997
0.654232 0.056178 -0.008103 0.754161
0.650801 0.056184 -0.007861 0.757125
0.649792 0.056193 -0.007791 0.757992
0.651061 0.056182 -0.007886 0.756902
0.652247 0.056166 -0.008013 0.755881
0.653211 0.056152 -0.008144 0.755047
0.653932 0.056137 -0.008206 0.754423
0.654712 0.056121 -0.008263 0.753747
0.655546 0.056100 -0.008315 0.753022
0.656221 0.056076 -0.008334 0.752436
0.657898 0.056085 -0.008450 0.750968
0.660172 0.056080 -0.008546 0.748969
0.662333 0.056045 -0.008698 0.747060
0.663008 0.056064 -0.008786 0.746458
0.661876 0.056094 -0.008682 0.747461
0.660778 0.056114 -0.008599 0.748431
0.661383 0.056110 -0.008641 0.747897
0.663758 0.056108 -0.008833 0.745787
0.665907 0.056094 -0.008971 0.743869
0.665503 0.056055 -0.008858 0.744234
0.663077 0.056059 -0.008642 0.746399
0.660677 0.056042 -0.008443 0.748528
0.658986 0.056089 -0.008290 0.750015
0.658137 0.056193 -0.008232 0.750753
0.657454 0.056277 -0.008216 0.751345
0.655821 0.056318 -0.008170 0.752768
0.652999 0.056286 -0.008006 0.755222
0.650337 0.056284 -0.007823 0.757518
0.650001 0.056310 -0.007827 0.757804
0.651635 0.056302 -0.007929 0.756399
0.653198 0.056303 -0.008005 0.755048
0.654193 0.056301 -0.008100 0.754186
0.654523 0.056308 -0.008156 0.753898
0.654799 0.056311 -0.008209 0.753657
0.656955 0.056239 -0.008386 0.751782
0.660955 0.056137 -0.008673 0.748273
0.664686 0.056055 -0.008934 0.744963
0.664768 0.056034 -0.008920 0.744892
0.661408 0.056055 -0.008676 0.747878
0.658016 0.056065 -0.008377 0.750867
0.658453 0.056059 -0.008370 0.750485
0.662786 0.056052 -0.008748 0.746657
0.666732 0.056037 -0.009047 0.743133
0.670336 0.056008 -0.009349 0.739882
0.673733 0.055983 -0.009673 0.736787
0.676606 0.055956 -0.009876 0.734150
0.677401 0.055971 -0.009951 0.733414
0.676243 0.056031 -0.009917 0.734478
0.674776 0.056057 -0.009768 0.735826
0.670475 0.056098 -0.009393 0.739749
0.663449 0.056179 -0.008824 0.746057
0.656871 0.056250 -0.008310 0.751856
0.654298 0.056272 -0.008196 0.754096
0.655199 0.056235 -0.008327 0.753314
0.654171 0.056254 -0.008262 0.754207
0.651226 0.056350 -0.008016 0.756746
0.648309 0.056427 -0.007738 0.759244
0.644009 0.056449 -0.007413 0.762896
0.638478 0.056455 -0.007056 0.767534
0.633431 0.056480 -0.006743 0.771706
0.634304 0.056464 -0.006842 0.770989
0.640850 0.056391 -0.007360 0.765557
0.647087 0.056321 -0.007857 0.760293
0.648700 0.056261 -0.007998 0.758920
0.645970 0.056242 -0.007813 0.761248
0.643129 0.056214 -0.007584 0.763654
0.639920 0.056229 -0.007321 0.766347
0.636459 0.056316 -0.007063 0.769219
0.633179 0.056368 -0.006815 0.771920
0.632091 0.056401 -0.006740 0.772809
0.633300 0.056427 -0.006906 0.771816
0.634415 0.056425 -0.007043 0.770898
0.637294 0.056435 -0.007252 0.768518
0.641758 0.056411 -0.007528 0.764793
0.645748 0.056336 -0.007773 0.761430
0.646835 0.056324 -0.007871 0.760507
0.644889 0.056315 -0.007755 0.762159
0.643020 0.056305 -0.007670 0.763738
0.645090 0.056287 -0.007826 0.761990
0.650910 0.056219 -0.008246 0.757025
0.656455 0.056170 -0.008663 0.752222
0.656661 0.056200 -0.008648 0.752039
0.651693 0.056263 -0.008231 0.756348
0.646807 0.056290 -0.007823 0.760533
0.643966 0.056300 -0.007550 0.762943
0.643468 0.056369 -0.007471 0.763358
0.643336 0.056440 -0.007472 0.763464
0.643055 0.056447 -0.007420 0.763701
0.642846 0.056452 -0.007361 0.763877
0.642891 0.056492 -0.007389 0.763836
0.642129 0.056546 -0.007374 0.764473
0.640283 0.056534 -0.007248 0.766022
0.638518 0.056531 -0.007101 0.767495
0.638390 0.056563 -0.007066 0.767600
0.639773 0.056570 -0.007168 0.766446
0.641202 0.056564 -0.007303 0.765250
0.642058 0.056550 -0.007343 0.764532
0.642473 0.056529 -0.007354 0.764185
0.643038 0.056517 -0.007451 0.763709
0.644064 0.056487 -0.007574 0.762845
0.645283 0.056419 -0.007624 0.761820
0.646383 0.056356 -0.007662 0.760891
0.648528 0.056356 -0.007829 0.759061
0.651442 0.056359 -0.008064 0.756559
0.652091 0.056331 -0.008128 0.756002
0.650681 0.056330 -0.008036 0.757216
0.649321 0.056358 -0.007938 0.758382
0.647854 0.056370 -0.007874 0.759635
0.646233 0.056381 -0.007807 0.761015
0.644656 0.056428 -0.007680 0.762349
0.644657 0.056443 -0.007688 0.762346
0.646086 0.056446 -0.007778 0.761135
0.647472 0.056456 -0.007867 0.759955
0.648886 0.056432 -0.007990 0.758748
0.650141 0.056379 -0.008064 0.757676
0.651280 0.056346 -0.008130 0.756699
0.652664 0.056346 -0.008254 0.755504
0.654055 0.056318 -0.008377 0.754301
0.655226 0.056290 -0.008454 0.753285
0.656451 0.056319 -0.008536 0.752215
0.657563 0.056344 -0.008606 0.751240
0.658287 0.056319 -0.008584 0.750608
0.658997 0.056318 -0.008560 0.749986
0.659821 0.056348 -0.008570 0.749258
0.660585 0.056333 -0.008616 0.748585
0.659468 0.056287 -0.008555 0.749573
0.656615 0.056265 -0.008367 0.752078
0.654181 0.056324 -0.008208 0.754193
0.652737 0.056357 -0.008109 0.755442
0.652139 0.056342 -0.008070 0.755960
0.651739 0.056383 -0.008035 0.756302
0.653232 0.056386 -0.008140 0.755011
0.656350 0.056345 -0.008322 0.752304
0.659256 0.056289 -0.008518 0.749760
0.660873 0.056282 -0.008652 0.748334
0.661281 0.056322 -0.008737 0.747970
0.661563 0.056317 -0.008830 0.747720
0.663552 0.056221 -0.008986 0.745961
0.667521 0.056128 -0.009290 0.742414
0.671537 0.056113 -0.009639 0.738781
0.672948 0.056097 -0.009810 0.737494
0.671614 0.056054 -0.009736 0.738713
0.670249 0.056060 -0.009603 0.739954
0.668352 0.056139 -0.009413 0.741664
0.665827 0.056174 -0.009236 0.743931
0.663499 0.056207 -0.009084 0.746008
0.662701 0.056276 -0.009024 0.746712
0.663278 0.056280 -0.009088 0.746199
0.663650 0.056216 -0.009106 0.745872
0.663554 0.056203 -0.009099 0.745959
0.663035 0.056257 -0.009083 0.746417
0.662497 0.056300 -0.009055 0.746891
0.662043 0.056265 -0.009017 0.747296
0.661655 0.056227 -0.008925 0.747644
0.662024 0.056221 -0.008930 0.747318
0.662829 0.056153 -0.008967 0.746608
0.663713 0.056127 -0.009022 0.745824
0.664201 0.056122 -0.009088 0.745389
0.664025 0.056118 -0.009058 0.745546
0.663936 0.056155 -0.009041 0.745624
0.662021 0.056192 -0.008908 0.747323
0.658113 0.056203 -0.008601 0.750769
0.654474 0.056220 -0.008336 0.753945
0.650575 0.056307 -0.008077 0.757308
0.646007 0.056367 -0.007716 0.761208
0.641748 0.056378 -0.007396 0.764805
0.639801 0.056398 -0.007252 0.766434
0.639860 0.056404 -0.007204 0.766385
0.640083 0.056389 -0.007214 0.766200
0.638073 0.056384 -0.007044 0.767876
0.633801 0.056368 -0.006661 0.771410
0.629941 0.056365 -0.006343 0.774569
0.628671 0.056399 -0.006277 0.775598
0.629692 0.056392 -0.006425 0.774768
0.630737 0.056415 -0.006532 0.773915
0.633554 0.056480 -0.006797 0.771604
0.637700 0.056475 -0.007151 0.768178
0.641387 0.056454 -0.007418 0.765102
0.643378 0.056424 -0.007535 0.763430
0.643794 0.056371 -0.007549 0.763083
0.644504 0.056372 -0.007703 0.762481
0.645680 0.056385 -0.007871 0.761483
0.647102 0.056392 -0.007976 0.760273
0.648335 0.056363 -0.008065 0.759223
0.647287 0.056301 -0.007953 0.760123
0.644289 0.056317 -0.007662 0.762667
0.641579 0.056361 -0.007408 0.764947
0.639230 0.056401 -0.007247 0.766911
0.637081 0.056437 -0.007131 0.768695
0.634973 0.056483 -0.006966 0.770435
0.636131 0.056487 -0.007000 0.769479
0.640479 0.056430 -0.007251 0.765865
0.644591 0.056378 -0.007488 0.762410
0.647919 0.056339 -0.007657 0.759585
0.650632 0.056319 -0.007813 0.757261
0.653031 0.056287 -0.007951 0.755195
0.652901 0.056270 -0.007935 0.755308
0.650583 0.056331 -0.007838 0.757303
0.648354 0.056409 -0.007730 0.759207
0.645723 0.056417 -0.007573 0.761447
0.642959 0.056480 -0.007394 0.763779
0.640311 0.056565 -0.007169 0.765996
0.637109 0.056641 -0.006928 0.768658
0.633394 0.056713 -0.006660 0.771720
0.633112 0.056656 -0.006628 0.771955
0.636445 0.056551 -0.006904 0.769216
0.639768 0.056501 -0.007178 0.766455
0.643502 0.056436 -0.007476 0.763324
0.647626 0.056365 -0.007801 0.759831
0.651493 0.056335 -0.008125 0.756517
0.653348 0.056293 -0.008266 0.754917
0.653354 0.056272 -0.008238 0.754914
0.653451 0.056312 -0.008228 0.754826
0.654056 0.056354 -0.008263 0.754299
0.655023 0.056319 -0.008365 0.753461
0.655879 0.056273 -0.008464 0.752718
0.654276 0.056287 -0.008338 0.754112
0.650092 0.056316 -0.007936 0.757724
0.646282 0.056387 -0.007566 0.760975
0.644424 0.056423 -0.007449 0.762548
0.644091 0.056396 -0.007459 0.762830
0.644035 0.056464 -0.007477 0.762872
0.645049 0.056534 -0.007545 0.762009
0.647008 0.056532 -0.007687 0.760346
0.648908 0.056512 -0.007848 0.758724
0.650026 0.056486 -0.007952 0.757768
0.650448 0.056485 -0.008003 0.757406
0.650748 0.056490 -0.008027 0.757147
0.651598 0.056466 -0.008104 0.756416
0.653003 0.056434 -0.008208 0.755206
0.654265 0.056433 -0.008277 0.754111
0.655358 0.056422 -0.008365 0.753162
0.656269 0.056386 -0.008469 0.752369
0.657125 0.056375 -0.008576 0.751622
0.659886 0.056361 -0.008823 0.749197
0.664217 0.056293 -0.009137 0.745362
0.668223 0.056247 -0.009407 0.741772
0.669843 0.056273 -0.009524 0.740306
0.668733 0.056236 -0.009404 0.741313
0.667501 0.056158 -0.009270 0.742430
0.667545 0.056058 -0.009250 0.742399
0.668945 0.055998 -0.009354 0.741141
0.670510 0.056034 -0.009488 0.739720
0.667579 0.056084 -0.009284 0.742365
0.660192 0.056195 -0.008696 0.748941
0.653240 0.056331 -0.008142 0.755008
0.650470 0.056378 -0.007951 0.757395
0.651629 0.056379 -0.008056 0.756397
0.652801 0.056353 -0.008147 0.755387
0.653889 0.056350 -0.008271 0.754444
0.654919 0.056385 -0.008430 0.753545
0.655734 0.056383 -0.008550 0.752835
0.655796 0.056382 -0.008611 0.752781
0.655122 0.056405 -0.008582 0.753366
0.654903 0.056363 -0.008545 0.753560
0.655439 0.056277 -0.008600 0.753099
0.656231 0.056278 -0.008693 0.752408
0.655777 0.056306 -0.008637 0.752803
0.654290 0.056342 -0.008529 0.754094
0.652933 0.056398 -0.008432 0.755266
0.651956 0.056436 -0.008323 0.756108
0.651552 0.056443 -0.008316 0.756456
0.651231 0.056422 -0.008340 0.756733
0.651492 0.056355 -0.008290 0.756514
0.652655 0.056259 -0.008342 0.755517
0.653973 0.056217 -0.008451 0.754379
0.654853 0.056201 -0.008470 0.753616
0.655343 0.056184 -0.008455 0.753191
0.655608 0.056124 -0.008400 0.752966
0.655360 0.056091 -0.008355 0.753185
0.654698 0.056151 -0.008309 0.753757
0.653869 0.056182 -0.008200 0.754474
0.653626 0.056233 -0.008161 0.754682
0.653804 0.056275 -0.008168 0.754524
0.653781 0.056228 -0.008157 0.754548
0.653284 0.056184 -0.008123 0.754981
0.652349 0.056188 -0.008062 0.755790
0.651511 0.056200 -0.008024 0.756512
0.650365 0.056164 -0.007949 0.757501
0.649227 0.056165 -0.007903 0.758477
0.648273 0.056209 -0.007864 0.759290
0.648518 0.056192 -0.007907 0.759081
0.649964 0.056166 -0.008006 0.757845
0.651329 0.056161 -0.008079 0.756671
0.652531 0.056123 -0.008167 0.755637
0.653631 0.056130 -0.008233 0.754684
0.654612 0.056117 -0.008305 0.753833
0.655750 0.056082 -0.008435 0.752845
0.657071 0.056114 -0.008574 0.751688
0.658173 0.056130 -0.008674 0.750721
0.658206 0.056145 -0.008655 0.750691
0.657332 0.056149 -0.008586 0.751457
0.656597 0.056152 -0.008581 0.752099
0.654922 0.056206 -0.008471 0.753556
0.652174 0.056244 -0.008230 0.755935
0.649574 0.056270 -0.008002 0.758171
0.648808 0.056352 -0.007933 0.758821
0.649402 0.056383 -0.007913 0.758311
0.649837 0.056319 -0.007900 0.757943
0.648533 0.056309 -0.007815 0.759061
0.645361 0.056336 -0.007570 0.761760
0.642375 0.056346 -0.007341 0.764281
0.642187 0.056413 -0.007365 0.764434
0.644334 0.056463 -0.007533 0.762620
0.647098 0.056415 -0.007691 0.760278
0.650722 0.056348 -0.007944 0.757181
0.654298 0.056353 -0.008221 0.754090
0.656034 0.056361 -0.008352 0.752577
0.656004 0.056327 -0.008376 0.752606
0.655909 0.056297 -0.008413 0.752691
0.654186 0.056273 -0.008299 0.754192
0.651003 0.056290 -0.008059 0.756942
0.648022 0.056354 -0.007807 0.759494
0.647444 0.056398 -0.007775 0.759984
0.649051 0.056399 -0.007929 0.758610
0.650608 0.056387 -0.008086 0.757275
0.650455 0.056342 -0.008112 0.757408
0.648538 0.056298 -0.007929 0.759056
0.646764 0.056286 -0.007753 0.760571
0.647697 0.056268 -0.007833 0.759777
0.650809 0.056167 -0.008056 0.757118
0.653698 0.056080 -0.008245 0.754630
0.654796 0.056116 -0.008320 0.753673
0.653722 0.056158 -0.008180 0.754604
0.652608 0.056156 -0.008052 0.755569
0.652781 0.056144 -0.008122 0.755420
0.653694 0.056108 -0.008179 0.754632
0.654367 0.056051 -0.008163 0.754053
0.654187 0.056048 -0.008137 0.754210
0.653102 0.056059 -0.008081 0.755149
0.652087 0.056066 -0.008040 0.756025
0.650948 0.056096 -0.007971 0.757005
0.649678 0.056138 -0.007873 0.758093
0.648476 0.056138 -0.007796 0.759122
0.648626 0.056129 -0.007874 0.758994
0.649962 0.056152 -0.008022 0.757847
0.651186 0.056155 -0.008146 0.756794
0.650833 0.056139 -0.008135 0.757099
0.648972 0.056127 -0.007978 0.758697
0.647110 0.056131 -0.007780 0.760288
0.645821 0.056127 -0.007635 0.761385
0.645336 0.056129 -0.007616 0.761796
0.644980 0.056158 -0.007596 0.762095
0.644514 0.056233 -0.007539 0.762485
0.643901 0.056274 -0.007482 0.763000
0.643339 0.056273 -0.007464 0.763474
0.643605 0.056296 -0.007483 0.763248
0.644564 0.056334 -0.007507 0.762436
0.645261 0.056256 -0.007522 0.761851
0.645381 0.056250 -0.007510 0.761750
0.645073 0.056364 -0.007485 0.762003
0.644494 0.056380 -0.007402 0.762492
0.641630 0.056371 -0.007187 0.764906
0.637002 0.056439 -0.006944 0.768762
0.635114 0.056561 -0.006863 0.770314
0.635627 0.056605 -0.006878 0.769888
0.636259 0.056638 -0.006916 0.769362
0.637943 0.056596 -0.007039 0.767968
0.640842 0.056587 -0.007250 0.765550
0.643709 0.056669 -0.007454 0.763133
0.646072 0.056657 -0.007671 0.761132
0.647774 0.056626 -0.007802 0.759685
0.648960 0.056585 -0.007811 0.758676
0.651419 0.056516 -0.008064 0.756567
0.654872 0.056428 -0.008409 0.753583
0.657823 0.056341 -0.008630 0.751012
0.657655 0.056270 -0.008663 0.751165
0.654557 0.056316 -0.008456 0.753864
0.651503 0.056380 -0.008215 0.756504
0.648892 0.056381 -0.008040 0.758746
0.646814 0.056448 -0.007885 0.760515
0.644761 0.056454 -0.007704 0.762258
0.640759 0.056429 -0.007349 0.765630
0.635063 0.056387 -0.006891 0.770368
0.630035 0.056390 -0.006543 0.774489
0.627812 0.056462 -0.006385 0.776288
0.627927 0.056469 -0.006340 0.776195
0.628279 0.056516 -0.006324 0.775907
0.629114 0.056554 -0.006351 0.775227
0.630403 0.056551 -0.006423 0.774179
0.631881 0.056576 -0.006582 0.772969
0.631843 0.056632 -0.006595 0.772997
0.630394 0.056709 -0.006487 0.774174
0.628994 0.056751 -0.006413 0.775309
0.630883 0.056750 -0.006549 0.773772
0.635798 0.056615 -0.006903 0.769746
0.640309 0.056480 -0.007203 0.766004
0.643869 0.056481 -0.007469 0.763012
0.646301 0.056479 -0.007705 0.760950
0.648336 0.056477 -0.007877 0.759216
0.651188 0.056437 -0.008131 0.756771
0.654636 0.056285 -0.008418 0.753799
0.657752 0.056173 -0.008627 0.751087
0.661348 0.056082 -0.008885 0.747927
0.665663 0.056061 -0.009238 0.744087
0.669756 0.056126 -0.009554 0.740395
0.667885 0.056144 -0.009406 0.742084
0.660477 0.056197 -0.008840 0.748688
0.653434 0.056277 -0.008300 0.754843
0.649617 0.056332 -0.007988 0.758130
0.648909 0.056358 -0.007897 0.758735
0.648553 0.056373 -0.007901 0.759038
0.649379 0.056405 -0.008022 0.758327
0.651053 0.056376 -0.008183 0.756892
0.652398 0.056329 -0.008320 0.755735
0.653449 0.056306 -0.008448 0.754826
0.654310 0.056272 -0.008535 0.754081
0.654067 0.056257 -0.008473 0.754294
0.652811 0.056248 -0.008316 0.755384
0.651663 0.056237 -0.008192 0.756377
0.650891 0.056245 -0.008158 0.757041
0.650419 0.056259 -0.008188 0.757445
0.649912 0.056294 -0.008154 0.757878
0.650900 0.056271 -0.008191 0.757031
0.653500 0.056192 -0.008379 0.754791
0.656189 0.056198 -0.008572 0.752453
0.658936 0.056249 -0.008782 0.750042
0.661492 0.056264 -0.008978 0.747785
0.663979 0.056282 -0.009214 0.745573
0.663130 0.056277 -0.009175 0.746329
0.659114 0.056279 -0.008865 0.749881
0.655537 0.056348 -0.008627 0.753008
0.654117 0.056390 -0.008543 0.754240
0.654861 0.056433 -0.008629 0.753590
0.655484 0.056449 -0.008672 0.753047
0.656231 0.056426 -0.008673 0.752397
0.657280 0.056415 -0.008674 0.751482
0.658366 0.056389 -0.008743 0.750532
0.658234 0.056409 -0.008744 0.750646
0.656705 0.056417 -0.008629 0.751985
0.655067 0.056358 -0.008511 0.753418
0.654539 0.056314 -0.008439 0.753881
0.655191 0.056282 -0.008454 0.753316
0.656092 0.056358 -0.008506 0.752525
0.658131 0.056426 -0.008638 0.750737
0.661103 0.056351 -0.008865 0.748123
0.663964 0.056280 -0.009124 0.745588
0.664361 0.056272 -0.009161 0.745234
0.662392 0.056293 -0.008996 0.746985
0.660458 0.056288 -0.008847 0.748698
0.658136 0.056243 -0.008607 0.750746
0.655776 0.056223 -0.008369 0.752813
0.653810 0.056221 -0.008225 0.754522
0.654085 0.056201 -0.008208 0.754286
0.656628 0.056144 -0.008374 0.752076
0.659278 0.056099 -0.008615 0.749754
0.661654 0.056086 -0.008830 0.747656
0.663556 0.056054 -0.008972 0.745969
0.665251 0.056008 -0.009121 0.744460
0.665296 0.055983 -0.009173 0.744421
0.663868 0.056040 -0.009112 0.745692
0.662629 0.056098 -0.009108 0.746789
0.660730 0.056108 -0.008961 0.748470
0.658337 0.056107 -0.008711 0.750579
0.655491 0.056142 -0.008487 0.753066
0.652050 0.056170 -0.008250 0.756047
0.648897 0.056191 -0.008058 0.758756
0.645843 0.056186 -0.007839 0.761359
0.642899 0.056113 -0.007615 0.763855
0.640380 0.056094 -0.007428 0.765971
0.638369 0.056128 -0.007279 0.767647
0.636872 0.056220 -0.007179 0.768883
0.635433 0.056318 -0.007042 0.770068
0.636907 0.056372 -0.007109 0.768844
0.641356 0.056385 -0.007444 0.765133
0.645483 0.056366 -0.007754 0.761652
0.650165 0.056353 -0.008068 0.757658
0.655414 0.056291 -0.008440 0.753122
0.660227 0.056195 -0.008814 0.748909
0.663572 0.056148 -0.009049 0.745947
0.665477 0.056104 -0.009184 0.744250
0.667150 0.056075 -0.009298 0.742752
0.666948 0.056135 -0.009264 0.742929
0.664760 0.056197 -0.009084 0.744885
0.662596 0.056241 -0.008896 0.746810
0.661304 0.056246 -0.008744 0.747956
0.661023 0.056226 -0.008696 0.748206
0.660996 0.056235 -0.008715 0.748229
0.659067 0.056283 -0.008554 0.749926
0.655428 0.056378 -0.008275 0.753105
0.652017 0.056431 -0.008048 0.756058
0.650967 0.056394 -0.008006 0.756966
0.652235 0.056333 -0.008113 0.755877
0.653401 0.056287 -0.008165 0.754872
0.653337 0.056259 -0.008158 0.754930
0.652188 0.056293 -0.008082 0.755921
0.650922 0.056320 -0.007953 0.757011
0.650048 0.056307 -0.007903 0.757763
0.649609 0.056286 -0.007907 0.758141
0.648960 0.056218 -0.007838 0.758703
0.649004 0.056193 -0.007839 0.758666
0.649727 0.056126 -0.007969 0.758051
0.650394 0.056113 -0.008042 0.757479
0.650281 0.056174 -0.007980 0.757572
0.649619 0.056230 -0.007932 0.758136
0.648874 0.056240 -0.007880 0.758774
0.647976 0.056246 -0.007785 0.759542
0.646922 0.056197 -0.007662 0.760444
0.646047 0.056150 -0.007592 0.761192
0.648766 0.056216 -0.007799 0.758869
0.654345 0.056184 -0.008178 0.754062
0.659676 0.056160 -0.008589 0.749399
0.660480 0.056181 -0.008637 0.748689
0.656964 0.056215 -0.008360 0.751777
0.654814 0.056257 -0.008260 0.753648
0.653951 0.056295 -0.008220 0.754394
0.653078 0.056303 -0.008130 0.755151
0.652335 0.056332 -0.008084 0.755791
0.651740 0.056326 -0.008135 0.756304
0.651055 0.056298 -0.008156 0.756896
0.652232 0.056310 -0.008251 0.755880
0.655452 0.056316 -0.008565 0.753086
0.658382 0.056293 -0.008835 0.750524
0.657865 0.056362 -0.008809 0.750973
0.654114 0.056391 -0.008617 0.754242
0.650151 0.056314 -0.008346 0.757669
0.646437 0.056313 -0.008039 0.760844
0.643154 0.056330 -0.007814 0.763622
0.640113 0.056375 -0.007575 0.766172
0.637032 0.056430 -0.007327 0.768734
0.634157 0.056543 -0.007148 0.771101
0.631560 0.056681 -0.006968 0.773221
0.629486 0.056735 -0.006775 0.774908
0.628254 0.056763 -0.006676 0.775906
0.627120 0.056764 -0.006585 0.776824
0.628364 0.056691 -0.006644 0.775823
0.632009 0.056611 -0.006849 0.772860
0.635516 0.056560 -0.007058 0.769981
0.638358 0.056515 -0.007227 0.767628
0.640525 0.056507 -0.007314 0.765820
0.642690 0.056531 -0.007465 0.764001
0.643470 0.056519 -0.007563 0.763345
0.642721 0.056513 -0.007458 0.763977
0.642229 0.056560 -0.007418 0.764387
0.642817 0.056501 -0.007502 0.763896
0.644229 0.056365 -0.007571 0.762715
0.645737 0.056316 -0.007639 0.761442
0.646425 0.056346 -0.007690 0.760855
0.646105 0.056356 -0.007696 0.761126
0.645674 0.056311 -0.007697 0.761495
0.645802 0.056295 -0.007737 0.761387
0.646326 0.056281 -0.007765 0.760943
0.646752 0.056259 -0.007759 0.760583
0.645814 0.056286 -0.007669 0.761378
0.643481 0.056331 -0.007490 0.763350
0.641304 0.056408 -0.007307 0.765176
0.641280 0.056400 -0.007273 0.765197
0.643407 0.056346 -0.007391 0.763412
0.645732 0.056354 -0.007569 0.761444
0.648532 0.056283 -0.007784 0.759064
0.652047 0.056199 -0.008091 0.756050
0.655484 0.056168 -0.008421 0.753070
0.656723 0.056155 -0.008568 0.751990
0.656059 0.056172 -0.008596 0.752567
0.656475 0.056225 -0.008663 0.752199
0.657804 0.056249 -0.008743 0.751035
0.658966 0.056239 -0.008819 0.750016
0.658832 0.056247 -0.008777 0.750133
0.657651 0.056267 -0.008716 0.751168
0.656456 0.056261 -0.008667 0.752214
0.657348 0.056222 -0.008717 0.751437
0.660596 0.056194 -0.008990 0.748581
0.663704 0.056199 -0.009238 0.745824
0.663507 0.056245 -0.009194 0.745997
0.660160 0.056273 -0.008938 0.748961
0.656919 0.056279 -0.008709 0.751807
0.655383 0.056277 -0.008587 0.753148
0.655483 0.056230 -0.008585 0.753065
0.655725 0.056177 -0.008621 0.752857
0.654969 0.056124 -0.008575 0.753520
0.653416 0.056127 -0.008476 0.754868
0.652247 0.056191 -0.008451 0.755874
0.647483 0.056271 -0.008082 0.759957
0.639274 0.056342 -0.007435 0.766876
0.631707 0.056388 -0.006911 0.773123
0.628627 0.056443 -0.006719 0.775627
0.629834 0.056470 -0.006838 0.774644
0.630944 0.056460 -0.006890 0.773741
0.632133 0.056474 -0.006961 0.772768
0.633410 0.056513 -0.007073 0.771718
0.634511 0.056555 -0.007136 0.770809
0.634953 0.056572 -0.007119 0.770444
0.634639 0.056548 -0.007015 0.770705
0.634539 0.056545 -0.007000 0.770788
0.637088 0.056548 -0.007211 0.768680
0.641932 0.056502 -0.007581 0.764640
0.646189 0.056359 -0.007875 0.761053
0.648211 0.056298 -0.007976 0.759335
0.648063 0.056274 -0.007944 0.759463
0.647765 0.056299 -0.007871 0.759716
0.649232 0.056320 -0.007995 0.758460
0.652159 0.056254 -0.008265 0.755947
0.654795 0.056230 -0.008433 0.753665
0.655200 0.056166 -0.008455 0.753317
0.653870 0.056244 -0.008363 0.754467
0.652665 0.056386 -0.008259 0.755501
0.651722 0.056404 -0.008146 0.756314
0.651296 0.056424 -0.008028 0.756681
0.651187 0.056466 -0.008004 0.756772
0.650512 0.056509 -0.007980 0.757349
0.649189 0.056568 -0.007888 0.758479
0.647889 0.056518 -0.007858 0.759595
0.647114 0.056503 -0.007867 0.760256
0.646683 0.056514 -0.007832 0.760622
0.644870 0.056507 -0.007708 0.762162
0.641825 0.056533 -0.007501 0.764728
0.638876 0.056537 -0.007268 0.767195
0.638550 0.056600 -0.007183 0.767463
0.640623 0.056573 -0.007302 0.765734
0.642585 0.056488 -0.007457 0.764093
0.642665 0.056463 -0.007474 0.764027
0.641016 0.056456 -0.007404 0.765412
0.639457 0.056476 -0.007323 0.766715
0.639754 0.056406 -0.007350 0.766472
0.641949 0.056318 -0.007464 0.764640
0.644342 0.056321 -0.007633 0.762622
0.644800 0.056329 -0.007684 0.762234
0.643359 0.056356 -0.007595 0.763450
0.641962 0.056377 -0.007520 0.764624
0.640781 0.055836 -0.007353 0.765655
0.642654 0.056312 -0.007097 0.764051
0.646119 0.057363 -0.007043 0.761045
0.648389 0.057165 -0.007352 0.759124
0.649998 0.056458 -0.007767 0.757796
0.651204 0.055872 -0.007934 0.756802
0.652408 0.055750 -0.007953 0.755773
0.653352 0.055743 -0.008055 0.754956
0.654174 0.055780 -0.008105 0.754240
0.651653 0.055840 -0.007923 0.756418
0.645802 0.055897 -0.007512 0.761419
0.640240 0.055934 -0.007142 0.766102
0.638194 0.055992 -0.007005 0.767805
0.639463 0.056057 -0.007072 0.766743
0.640709 0.056081 -0.007159 0.765699
0.642040 0.056058 -0.007223 0.764585
0.643894 0.056079 -0.007356 0.763021
0.645868 0.056166 -0.007534 0.761343
0.646896 0.056180 -0.007653 0.760468
0.647130 0.056180 -0.007682 0.760268
0.647183 0.056006 -0.007734 0.760235
0.647405 0.055660 -0.007970 0.760070
0.648686 0.055920 -0.008072 0.758956
0.650206 0.056960 -0.007853 0.757579
0.651431 0.058021 -0.007493 0.756449
0.652467 0.059795 -0.006550 0.755426
0.653618 0.060619 -0.005820 0.754371
0.653992 0.058900 -0.006296 0.754179
0.654349 0.057417 -0.007318 0.753974
0.656291 0.057035 -0.008430 0.752302
0.654844 0.056722 -0.009119 0.753578
0.650626 0.056310 -0.009719 0.757246
0.646203 0.055044 -0.010465 0.761106
0.642359 0.052875 -0.010880 0.764500
0.640521 0.050891 -0.011097 0.766172
0.639750 0.048997 -0.011238 0.766937
0.639950 0.046493 -0.011492 0.766923
0.641195 0.044216 -0.011478 0.766017
0.640665 0.042760 -0.010476 0.766557
0.638386 0.041164 -0.009521 0.768556
0.639382 0.040812 -0.009013 0.767753
0.644362 0.042516 -0.008622 0.763489
0.652620 0.045988 -0.008343 0.756242
0.656399 0.045391 -0.008366 0.753001
0.660164 0.044634 -0.007335 0.749758
0.668526 0.047121 -0.005443 0.742175
0.672297 0.047234 -0.003386 0.738765
0.674748 0.045817 -0.001068 0.736624
0.683607 0.044580 -0.000501 0.728487
0.695400 0.044885 -0.000302 0.717219
0.707233 0.047018 0.000390 0.705416
0.714693 0.049168 0.001950 0.697705
0.715148 0.050091 0.005217 0.697156
0.722229 0.051856 0.007255 0.689669
0.735798 0.053350 0.007124 0.675059
0.762897 0.058123 0.004091 0.643889
0.798914 0.065769 -0.006532 0.597802
0.815333 0.068219 -0.015643 0.574747
0.807608 0.063650 -0.012599 0.586139
0.789585 0.059263 -0.003505 0.610762
0.789309 0.058382 -0.002432 0.611209
0.798277 0.056859 -0.006615 0.599565
0.799605 0.055943 -0.004591 0.597898
0.813070 0.059711 -0.003421 0.579086
0.834370 0.064262 -0.009035 0.547372
0.843613 0.064348 -0.013750 0.532904
0.841053 0.062058 -0.013030 0.537223
0.837899 0.061938 -0.009227 0.542222
0.845916 0.064591 -0.008089 0.529328
0.852745 0.064768 -0.007998 0.518234
0.859711 0.062874 -0.009302 0.506811
0.868463 0.060793 -0.013107 0.491837
0.867342 0.058726 -0.012470 0.494079
0.862619 0.056719 -0.008852 0.502587
0.856447 0.052442 -0.004946 0.513540
0.852386 0.048585 -0.001352 0.520650
0.860778 0.049162 -0.001139 0.506599
0.874293 0.051184 -0.002568 0.482686
0.881434 0.051336 -0.002861 0.469501
0.884848 0.050886 -0.002043 0.463089
0.897277 0.052317 -0.000832 0.438356
0.914962 0.054597 -0.000481 0.399830
0.923040 0.054987 0.000235 0.380755
0.927036 0.054709 0.000864 0.370959
0.932568 0.055362 0.001605 0.356719
0.941230 0.057076 -0.000081 0.332908
0.950458 0.058945 -0.004503 0.305180
0.957292 0.060521 -0.008146 0.282601
0.962815 0.061461 -0.009577 0.262904
0.968522 0.062003 -0.010614 0.240847
0.972825 0.062256 -0.012285 0.222675
0.976521 0.062203 -0.013708 0.205791
0.981342 0.062860 -0.014720 0.181109
0.985500 0.063747 -0.016113 0.156419
0.986018 0.062230 -0.016171 0.153734
0.984676 0.059517 -0.014773 0.163255
0.986135 0.059076 -0.015506 0.154298
0.988790 0.059667 -0.018161 0.135661
0.990737 0.059962 -0.021463 0.119932
0.991901 0.059981 -0.024680 0.109201
0.992711 0.060262 -0.028178 0.100496
0.993407 0.061106 -0.033610 0.090994
0.994047 0.062162 -0.042206 0.078894
0.994557 0.063406 -0.052010 0.064275
0.994674 0.063928 -0.057976 0.056350
0.994587 0.063610 -0.058743 0.057444
0.994331 0.063168 -0.056640 0.064088
0.993697 0.062154 -0.053594 0.076363
0.992729 0.060709 -0.050407 0.090903
0.991584 0.059462 -0.047289 0.104829
0.990159 0.058317 -0.044431 0.119210
0.988835 0.057507 -0.042175 0.130845
0.988099 0.056913 -0.041041 0.136881
0.987850 0.056349 -0.041135 0.138868
0.987830 0.056152 -0.041776 0.138903
0.987408 0.055419 -0.041128 0.142349
0.986151 0.053947 -0.038622 0.152000
0.985006 0.052761 -0.035636 0.160342
0.983478 0.051541 -0.032450 0.170473
0.980784 0.049923 -0.029062 0.186346
0.977517 0.048115 -0.025805 0.203667
0.974744 0.047163 -0.023776 0.216989
0.973050 0.047272 -0.023090 0.224513
0.971463 0.047500 -0.022390 0.231307
0.971216 0.047677 -0.022033 0.232337
0.972368 0.047702 -0.022133 0.227452
0.974067 0.047864 -0.023208 0.219919
0.974856 0.047840 -0.023840 0.216329
0.972626 0.047014 -0.022010 0.226504
0.970574 0.046386 -0.020368 0.235416
0.970446 0.046857 -0.020401 0.235843
0.970163 0.047784 -0.020762 0.236792
0.970723 0.048779 -0.021917 0.234172
0.971686 0.049037 -0.022734 0.230009
0.969503 0.047540 -0.020934 0.239513
0.967982 0.046295 -0.019688 0.245929
0.970367 0.046485 -0.021084 0.236183
0.970831 0.046263 -0.021406 0.234285
0.969762 0.045941 -0.020332 0.238826
0.970087 0.046617 -0.020025 0.237396
0.970411 0.047414 -0.019556 0.235950
0.970053 0.047514 -0.018243 0.237500
0.970569 0.047397 -0.017513 0.235463
0.971889 0.047329 -0.017667 0.229957
0.972621 0.047270 -0.017839 0.226836
0.972858 0.047469 -0.017935 0.225770
0.973309 0.047929 -0.018021 0.223712
0.975082 0.048277 -0.018433 0.215743
0.977773 0.048395 -0.019145 0.203106
0.980181 0.048402 -0.019799 0.191077
0.981031 0.048411 -0.020035 0.186636
0.980500 0.048591 -0.019876 0.189378
0.980084 0.048956 -0.019741 0.191438
0.979883 0.049194 -0.019715 0.192405
0.980485 0.049529 -0.020024 0.189197
0.981351 0.049840 -0.020488 0.184515
0.981032 0.050244 -0.020783 0.186065
0.979912 0.051017 -0.020847 0.191665
0.980141 0.052038 -0.021323 0.190163
0.979379 0.051657 -0.021381 0.194142
0.977601 0.050429 -0.020721 0.203282
0.977599 0.050724 -0.020726 0.203221
0.978171 0.052185 -0.021037 0.200039
0.978005 0.052897 -0.020900 0.200675
0.977365 0.052833 -0.020668 0.203812
0.977928 0.053400 -0.020952 0.200912
0.978959 0.053593 -0.021213 0.195746
0.979965 0.053594 -0.021478 0.190619
0.980672 0.053710 -0.021696 0.186890
0.980925 0.053706 -0.021711 0.185555
0.981206 0.053767 -0.021777 0.184035
0.981029 0.053854 -0.021733 0.184960
0.980471 0.054048 -0.021640 0.187849
0.979963 0.054230 -0.021568 0.190436
0.978934 0.054377 -0.021331 0.195646
0.977404 0.054548 -0.020904 0.203147
0.975884 0.054691 -0.020412 0.210340
0.975445 0.054742 -0.020224 0.212371
0.976135 0.054736 -0.020389 0.209164
0.976848 0.054734 -0.020614 0.205784
0.977517 0.054745 -0.020828 0.202558
0.978099 0.054748 -0.020996 0.199708
0.978568 0.054724 -0.021126 0.197391
0.979257 0.054679 -0.021226 0.193947
0.980157 0.054580 -0.021426 0.189354
0.980335 0.054500 -0.021428 0.188452
0.980012 0.054577 -0.021259 0.190120
0.979750 0.054676 -0.021180 0.191449
0.979759 0.054660 -0.021208 0.191405
0.980107 0.054601 -0.021335 0.189616
0.980417 0.054531 -0.021459 0.188010
0.981032 0.054531 -0.021696 0.184748
0.981722 0.054515 -0.021930 0.181024
0.982165 0.054419 -0.022038 0.178619
0.983620 0.054241 -0.022407 0.170435
0.985896 0.053962 -0.023092 0.156726
0.987872 0.053707 -0.023748 0.143738
0.988185 0.053714 -0.023802 0.141559
0.986959 0.053945 -0.023420 0.149845
0.985664 0.054122 -0.023079 0.158126
0.983584 0.054354 -0.022449 0.170598
0.980633 0.054686 -0.021566 0.186827
0.977664 0.055012 -0.020702 0.201789
0.977737 0.055021 -0.020683 0.201435
0.980673 0.054706 -0.021425 0.186627
0.983257 0.054369 -0.022133 0.172511
0.984720 0.054180 -0.022590 0.163956
0.985158 0.054108 -0.022759 0.161300
0.985499 0.054046 -0.022902 0.159203
0.985823 0.053929 -0.023038 0.157209
0.986167 0.053797 -0.023221 0.155051
0.986547 0.053741 -0.023370 0.152612
0.987385 0.053607 -0.023612 0.147104
0.988626 0.053398 -0.024061 0.138524
0.989761 0.053256 -0.024470 0.130150
0.990626 0.053117 -0.024800 0.123384
0.991269 0.052975 -0.025128 0.118101
0.991840 0.052873 -0.025428 0.113188
0.991842 0.052902 -0.025417 0.113158
0.991259 0.053000 -0.025121 0.118179
0.990662 0.053090 -0.024851 0.123097
0.989475 0.053330 -0.024311 0.132300
0.987579 0.053654 -0.023599 0.145783
0.985649 0.053942 -0.022976 0.158301
0.984053 0.054176 -0.022433 0.167933
0.982885 0.054344 -0.022090 0.174632
0.981778 0.054476 -0.021760 0.180752
0.981788 0.054487 -0.021786 0.180687
0.982769 0.054311 -0.022094 0.175291
0.983646 0.054120 -0.022325 0.170333
0.983446 0.054118 -0.022252 0.171496
0.982206 0.054305 -0.021874 0.178450
0.980992 0.054499 -0.021518 0.184992
0.980779 0.054486 -0.021445 0.186129
0.981705 0.054372 -0.021767 0.181176
0.981662 0.054418 -0.021775 0.181397
0.980590 0.054577 -0.021425 0.187097
0.979535 0.054725 -0.021109 0.192537
0.978855 0.054804 -0.020910 0.195964
0.978622 0.054833 -0.020851 0.197124
0.978491 0.054892 -0.020819 0.197761
0.978315 0.054955 -0.020776 0.198616
0.978004 0.054963 -0.020673 0.200151
0.977715 0.054972 -0.020575 0.201565
0.978543 0.054931 -0.020821 0.197489
0.980352 0.054825 -0.021330 0.188281
0.981814 0.054650 -0.021718 0.180505
0.981398 0.054648 -0.021591 0.182769
0.979329 0.054927 -0.020997 0.193538
0.977174 0.055154 -0.020384 0.204141
0.976623 0.055168 -0.020254 0.206771
0.977687 0.055009 -0.020572 0.201688
0.978768 0.054881 -0.020879 0.196383
0.979257 0.054865 -0.020986 0.193920
0.979083 0.054905 -0.020862 0.194798
0.978873 0.054943 -0.020718 0.195854
0.978515 0.054954 -0.020593 0.197647
0.978040 0.054972 -0.020448 0.199994
0.977649 0.055016 -0.020373 0.201893
0.978115 0.054984 -0.020535 0.199617
0.979292 0.054847 -0.020814 0.193765
0.980384 0.054718 -0.021147 0.188165
0.981079 0.054607 -0.021399 0.184513
0.981378 0.054502 -0.021492 0.182937
0.981629 0.054409 -0.021550 0.181601
0.981851 0.054412 -0.021620 0.180389
0.981920 0.054426 -0.021627 0.180009
0.981867 0.054367 -0.021558 0.180322
0.982003 0.054325 -0.021594 0.179590
0.982302 0.054297 -0.021712 0.177940
0.982571 0.054272 -0.021738 0.176456
0.981890 0.054382 -0.021437 0.180209
0.980247 0.054598 -0.020972 0.188931
0.978679 0.054815 -0.020591 0.196871
0.978988 0.054777 -0.020724 0.195329
0.981131 0.054519 -0.021397 0.184259
0.983169 0.054327 -0.022040 0.173036
0.984185 0.054210 -0.022340 0.167157
0.984326 0.054181 -0.022368 0.166333
0.984394 0.054147 -0.022389 0.165939
0.984766 0.054061 -0.022470 0.163730
0.985509 0.053965 -0.022667 0.159201
0.986152 0.053852 -0.022905 0.155179
0.986653 0.053785 -0.023063 0.151954
0.987095 0.053800 -0.023161 0.149041
0.987487 0.053765 -0.023329 0.146404
0.987874 0.053710 -0.023521 0.143760
0.988249 0.053683 -0.023674 0.141147
0.988284 0.053676 -0.023686 0.140901
0.988009 0.053701 -0.023591 0.142821
0.987742 0.053729 -0.023543 0.144655
0.988350 0.053615 -0.023805 0.140439
0.989766 0.053374 -0.024360 0.130081
0.990953 0.053093 -0.024834 0.120731
0.990331 0.053137 -0.024504 0.125783
0.987908 0.053571 -0.023558 0.143574
0.985275 0.053958 -0.022596 0.160660
0.983896 0.054124 -0.022118 0.168907
0.983974 0.054105 -0.022109 0.168459
0.984113 0.054081 -0.022057 0.167663
0.983936 0.054127 -0.022003 0.168689
0.983353 0.054208 -0.021838 0.172052
0.982778 0.054283 -0.021667 0.175303
0.982736 0.054292 -0.021643 0.175539
0.983200 0.054255 -0.021737 0.172919
0.983661 0.054224 -0.021876 0.170274
0.983441 0.054251 -0.021850 0.171533
0.982470 0.054313 -0.021494 0.177033
0.981543 0.054387 -0.021164 0.182120
0.981487 0.054411 -0.021146 0.182416
0.982143 0.054316 -0.021385 0.178851
0.982801 0.054242 -0.021654 0.175186
0.983500 0.054206 -0.021887 0.171201
0.984082 0.054104 -0.022075 0.167834
0.984567 0.053995 -0.022193 0.164986
0.984753 0.054014 -0.022238 0.163856
0.984572 0.054092 -0.022113 0.164933
0.984373 0.054153 -0.022004 0.166110
0.984149 0.054181 -0.021969 0.167430
0.983882 0.054169 -0.021891 0.169007
0.983690 0.054179 -0.021833 0.170124
0.983896 0.054159 -0.021869 0.168931
0.984448 0.054103 -0.022020 0.165681
0.984975 0.054068 -0.022173 0.162509
0.985558 0.053994 -0.022339 0.158939
0.986242 0.053915 -0.022598 0.154627
0.986871 0.053854 -0.022868 0.150539
0.987099 0.053807 -0.022983 0.149036
0.986905 0.053748 -0.022891 0.150353
0.986686 0.053692 -0.022755 0.151822
0.987900 0.053489 -0.023173 0.143720
0.990192 0.053074 -0.024064 0.126977
0.992023 0.052619 -0.024838 0.111828
0.993540 0.052251 -0.025582 0.097433
0.994753 0.051950 -0.026312 0.084120
0.994687 0.051942 -0.026246 0.084923
0.993461 0.052284 -0.025478 0.098245
0.992129 0.052608 -0.024809 0.110892
0.991622 0.052744 -0.024587 0.115327
0.991980 0.052680 -0.024715 0.112200
0.992324 0.052592 -0.024833 0.109136
0.992338 0.052617 -0.024826 0.108995
0.992034 0.052753 -0.024705 0.111690
0.991707 0.052854 -0.024586 0.114535
0.990909 0.052989 -0.024246 0.121262
0.989653 0.053228 -0.023736 0.131111
0.988411 0.053470 -0.023223 0.140160
0.987780 0.053564 -0.022931 0.144556
0.987864 0.053564 -0.022976 0.143973
0.988017 0.053594 -0.023017 0.142900
0.988516 0.053534 -0.023168 0.139407
0.989355 0.053402 -0.023577 0.133297
0.990086 0.053263 -0.023993 0.127736
0.990297 0.053207 -0.024173 0.126082
0.990036 0.053240 -0.024103 0.128113
0.989791 0.053302 -0.023993 0.129991
0.989534 0.053318 -0.023894 0.131941
0.989238 0.053252 -0.023798 0.134190
0.988988 0.053204 -0.023709 0.136053
0.988760 0.053243 -0.023673 0.137688
0.988456 0.053301 -0.023541 0.139857
0.988134 0.053333 -0.023319 0.142136
0.987320 0.053440 -0.022990 0.147697
0.985937 0.053602 -0.022515 0.156681
0.984663 0.053815 -0.022129 0.164480
0.983935 0.053927 -0.021932 0.168767
0.983736 0.053927 -0.021876 0.169931
0.983603 0.053936 -0.021843 0.170700
0.983218 0.054015 -0.021689 0.172899
0.982549 0.054146 -0.021431 0.176654
0.981838 0.054225 -0.021219 0.180564
0.981942 0.054210 -0.021214 0.180002
0.982854 0.054118 -0.021408 0.174958
0.983762 0.054075 -0.021679 0.169757
0.983937 0.054026 -0.021781 0.168744
0.983515 0.054033 -0.021719 0.171191
0.983154 0.054086 -0.021661 0.173247
0.982404 0.054127 -0.021430 0.177463
0.981397 0.054235 -0.021143 0.182950
0.980437 0.054339 -0.020845 0.188029
0.980265 0.054359 -0.020764 0.188931
0.980982 0.054392 -0.020994 0.185138
0.981634 0.054399 -0.021187 0.181624
0.982301 0.054365 -0.021368 0.177971
0.983054 0.054348 -0.021517 0.173749
0.983247 0.054291 -0.021542 0.172666
0.982922 0.054234 -0.021544 0.174526
0.982640 0.054202 -0.021613 0.176105
0.982890 0.054168 -0.021725 0.174705
0.983536 0.054079 -0.021799 0.171050
0.984221 0.054034 -0.021880 0.167063
0.984215 0.054189 -0.021797 0.167059
0.983331 0.054389 -0.021538 0.172157
0.982370 0.054487 -0.021295 0.177560
0.981963 0.054540 -0.021274 0.179780
0.982041 0.054522 -0.021370 0.179351
0.982073 0.054487 -0.021298 0.179190
0.981957 0.054581 -0.021133 0.179817
0.981503 0.054660 -0.020884 0.182287
0.980945 0.054636 -0.020665 0.185295
0.980051 0.054689 -0.020444 0.189974
0.978770 0.054776 -0.020197 0.196469
0.977552 0.054862 -0.019935 0.202446
0.977216 0.054847 -0.019878 0.204075
0.977738 0.054710 -0.020056 0.201576
0.978295 0.054607 -0.020266 0.198864
0.979227 0.054475 -0.020584 0.194227
0.980494 0.054337 -0.020900 0.187731
0.981648 0.054223 -0.021186 0.181599
0.981116 0.054331 -0.021028 0.184439
0.978904 0.054658 -0.020422 0.195812
0.976663 0.054960 -0.019829 0.206678
0.977172 0.054884 -0.019932 0.204269
0.980346 0.054487 -0.020796 0.188471
0.983254 0.054153 -0.021735 0.172648
0.985254 0.053925 -0.022409 0.160824
0.986473 0.053786 -0.022783 0.153164
0.987466 0.053636 -0.023085 0.146636
0.987911 0.053577 -0.023243 0.143604
0.987826 0.053562 -0.023231 0.144194
0.987668 0.053500 -0.023217 0.145295
0.987637 0.053449 -0.023269 0.145517
0.987731 0.053419 -0.023302 0.144882
0.987845 0.053422 -0.023269 0.144105
0.987184 0.053562 -0.022932 0.148567
0.985687 0.053816 -0.022358 0.158192
0.984174 0.054041 -0.021822 0.167345
0.983543 0.054124 -0.021685 0.171009
0.983804 0.054097 -0.021823 0.169492
0.984052 0.054039 -0.021953 0.168045
0.984059 0.054027 -0.022072 0.167994
0.983773 0.054051 -0.022040 0.169659
0.983411 0.054022 -0.021907 0.171770
0.983365 0.054010 -0.021808 0.172050
0.983627 0.054002 -0.021755 0.170550
0.983021 0.054047 -0.021487 0.174030
0.981662 0.054229 -0.021163 0.181524
0.980365 0.054405 -0.020937 0.188379
0.979821 0.054427 -0.020870 0.191187
0.980174 0.054401 -0.020932 0.189370
0.980572 0.054401 -0.020976 0.187297
0.981612 0.054282 -0.021215 0.181772
0.983313 0.054108 -0.021639 0.172336
0.984883 0.053965 -0.022070 0.163112
0.985411 0.053900 -0.022200 0.159895
0.985026 0.053927 -0.022112 0.162257
0.984703 0.053991 -0.022110 0.164182
0.984884 0.053978 -0.022250 0.163079
0.985525 0.053905 -0.022539 0.159146
0.986131 0.053854 -0.022774 0.155331
0.986239 0.053841 -0.022790 0.154641
0.985868 0.053860 -0.022647 0.157008
0.985516 0.053895 -0.022513 0.159207
0.985102 0.054003 -0.022350 0.161735
0.984567 0.054113 -0.022209 0.164942
0.983973 0.054148 -0.022071 0.168458
0.983786 0.054078 -0.021980 0.169580
0.984151 0.053988 -0.022046 0.167468
0.984564 0.053941 -0.022104 0.165031
0.984961 0.053922 -0.022167 0.162641
0.985268 0.053877 -0.022207 0.160781
0.985544 0.053829 -0.022259 0.159088
0.985781 0.053790 -0.022369 0.157614
0.985856 0.053678 -0.022433 0.157175
0.986005 0.053635 -0.022500 0.156242
0.986614 0.053598 -0.022656 0.152336
0.987505 0.053463 -0.022932 0.146458
0.988334 0.053355 -0.023231 0.140749
0.988815 0.053293 -0.023397 0.137322
0.989003 0.053297 -0.023491 0.135942
0.989133 0.053293 -0.023591 0.134981
0.988318 0.053391 -0.023367 0.140824
0.986573 0.053669 -0.022797 0.152559
0.984773 0.053909 -0.022224 0.163773
0.983905 0.054013 -0.021974 0.168908
0.984006 0.053990 -0.021989 0.168328
0.984122 0.053946 -0.021980 0.167661
0.984776 0.053837 -0.022179 0.163784
0.985886 0.053645 -0.022585 0.156973
0.986925 0.053496 -0.022991 0.150295
0.987468 0.053408 -0.023263 0.146678
0.987536 0.053362 -0.023350 0.146217
0.987560 0.053314 -0.023350 0.146073
0.987490 0.053348 -0.023329 0.146539
0.987236 0.053371 -0.023232 0.148246
0.987077 0.053342 -0.023149 0.149321
0.987115 0.053347 -0.023156 0.149070
0.987152 0.053350 -0.023124 0.148827
0.986571 0.053403 -0.022854 0.152654
0.985413 0.053520 -0.022507 0.159971
0.984366 0.053696 -0.022272 0.166266
0.984196 0.053815 -0.022294 0.167228
0.984826 0.053811 -0.022503 0.163452
0.985405 0.053799 -0.022631 0.159908
0.985528 0.053826 -0.022618 0.159143
0.985192 0.053853 -0.022443 0.161225
0.984881 0.053896 -0.022303 0.163118
0.984255 0.054001 -0.022082 0.166849
0.983291 0.054144 -0.021797 0.172431
0.982405 0.054311 -0.021488 0.177393
0.980929 0.054474 -0.021008 0.185392
0.978795 0.054631 -0.020373 0.196368
0.976695 0.054782 -0.019708 0.206586
0.975026 0.054859 -0.019215 0.214350
0.973989 0.054923 -0.018950 0.219018
0.973211 0.055021 -0.018806 0.222442
0.973738 0.055025 -0.018984 0.220106
0.975485 0.054938 -0.019474 0.212205
0.977080 0.054840 -0.019946 0.204716
0.978636 0.054691 -0.020313 0.197151
0.980200 0.054514 -0.020704 0.189230
0.981599 0.054363 -0.021065 0.181838
0.983068 0.054171 -0.021423 0.173737
0.984623 0.053960 -0.021907 0.164699
0.986014 0.053788 -0.022359 0.156151
0.986650 0.053674 -0.022586 0.152088
0.986672 0.053650 -0.022659 0.151940
0.986715 0.053671 -0.022681 0.151651
0.985844 0.053813 -0.022306 0.157220
0.984063 0.054094 -0.021711 0.167998
0.982319 0.054361 -0.021218 0.177886
0.981726 0.054399 -0.021083 0.181134
0.982348 0.054277 -0.021324 0.177740
0.983069 0.054224 -0.021617 0.173687
0.983485 0.054207 -0.021820 0.171297
0.983527 0.054173 -0.021875 0.171061
0.983572 0.054157 -0.021914 0.170800
0.983479 0.054221 -0.021857 0.171322
0.983215 0.054324 -0.021729 0.172815
0.982941 0.054401 -0.021648 0.174354
0.983138 0.054369 -0.021711 0.173242
0.983868 0.054279 -0.021962 0.169039
0.984554 0.054200 -0.022189 0.164997
0.984583 0.054202 -0.022198 0.164823
0.983941 0.054270 -0.021998 0.168612
0.982290 0.054463 -0.021439 0.177993
0.979546 0.054740 -0.020602 0.192532
0.976719 0.054936 -0.019843 0.206416
0.975879 0.054980 -0.019659 0.210360
0.977050 0.054865 -0.019987 0.204853
0.978260 0.054772 -0.020319 0.198986
0.978515 0.054748 -0.020398 0.197723
0.977842 0.054788 -0.020183 0.201035
0.977191 0.054833 -0.019994 0.204184
0.976678 0.054883 -0.019850 0.206627
0.976304 0.054933 -0.019705 0.208386
0.975965 0.054966 -0.019585 0.209972
0.976972 0.054870 -0.019853 0.205233
0.979135 0.054607 -0.020424 0.194669
0.981078 0.054365 -0.020952 0.184636
0.982025 0.054236 -0.021226 0.179539
0.982016 0.054134 -0.021248 0.179619
0.982059 0.054092 -0.021303 0.179389
0.983262 0.053860 -0.021712 0.172697
0.985325 0.053350 -0.022465 0.160572
0.987030 0.052829 -0.023224 0.149805
0.987614 0.052561 -0.023628 0.145939
0.987310 0.052653 -0.023594 0.147953
0.986961 0.052820 -0.023451 0.150225
0.986524 0.053085 -0.023200 0.153014
0.986067 0.053444 -0.022895 0.155857
0.985628 0.053675 -0.022600 0.158574
0.984849 0.053747 -0.022205 0.163375
0.983928 0.053862 -0.021863 0.168842
0.983218 0.054047 -0.021644 0.172898
0.982081 0.054203 -0.021392 0.179224
0.980495 0.054367 -0.021052 0.187698
0.978933 0.054494 -0.020680 0.195686
0.979027 0.054453 -0.020793 0.195212
0.980759 0.054321 -0.021300 0.186299
0.982410 0.054236 -0.021676 0.177369
0.982695 0.054281 -0.021611 0.175777
0.981658 0.054396 -0.021255 0.181483
0.980569 0.054463 -0.020953 0.187294
0.981206 0.054399 -0.021213 0.183918
0.983338 0.054160 -0.021956 0.172134
0.985213 0.053911 -0.022581 0.161059
0.984635 0.053996 -0.022352 0.164558
0.981410 0.054330 -0.021287 0.182836
0.978023 0.054663 -0.020245 0.200181
0.978391 0.054678 -0.020314 0.198366
0.982193 0.054294 -0.021406 0.178580
0.985443 0.053885 -0.022460 0.159666
0.986980 0.053655 -0.023049 0.149869
0.987114 0.053603 -0.023148 0.148984
0.986557 0.053657 -0.022995 0.152633
0.985319 0.053757 -0.022559 0.160458
0.984150 0.053897 -0.022133 0.167491
0.984072 0.053961 -0.022036 0.167943
0.984940 0.053850 -0.022263 0.162783
0.985802 0.053787 -0.022576 0.157452
0.985583 0.053906 -0.022590 0.158777
0.984146 0.054087 -0.022225 0.167442
0.982646 0.054239 -0.021807 0.176036
0.981642 0.054358 -0.021460 0.181557
0.981185 0.054433 -0.021219 0.184020
0.980830 0.054521 -0.021020 0.185899
0.980987 0.054491 -0.021010 0.185079
0.981684 0.054380 -0.021188 0.181357
0.982361 0.054287 -0.021417 0.177652
0.981951 0.054261 -0.021295 0.179928
0.980540 0.054351 -0.020871 0.187487
0.979254 0.054492 -0.020536 0.194088
0.978301 0.054602 -0.020328 0.198830
0.977625 0.054684 -0.020123 0.202122
0.976979 0.054753 -0.019866 0.205229
0.977720 0.054725 -0.020059 0.201657
0.979643 0.054571 -0.020599 0.192088
0.981372 0.054408 -0.021113 0.183038
0.982852 0.054230 -0.021632 0.174907
0.984072 0.054036 -0.022045 0.167918
0.985152 0.053869 -0.022380 0.161471
0.985499 0.053870 -0.022464 0.159327
0.985084 0.053966 -0.022291 0.161867
0.984643 0.054045 -0.022125 0.164520
0.984774 0.054102 -0.022127 0.163716
0.985360 0.054045 -0.022381 0.160137
0.985907 0.053979 -0.022705 0.156713
0.985827 0.054004 -0.022731 0.157201
0.985158 0.054113 -0.022478 0.161340
0.984490 0.054203 -0.022251 0.165368
0.983065 0.054349 -0.021773 0.173652
0.980880 0.054597 -0.021093 0.185603
0.978684 0.054797 -0.020451 0.196869
0.977738 0.054891 -0.020227 0.201511
0.978054 0.054895 -0.020367 0.199958
0.978374 0.054895 -0.020441 0.198377
0.979217 0.054777 -0.020679 0.194179
0.980501 0.054521 -0.021088 0.187620
0.981720 0.054334 -0.021368 0.181157
0.981431 0.054430 -0.021173 0.182709
0.979437 0.054687 -0.020574 0.193106
0.977375 0.054898 -0.019967 0.203288
0.976248 0.055011 -0.019651 0.208634
0.975992 0.055005 -0.019604 0.209833
0.976232 0.055001 -0.019669 0.208710
0.976840 0.054969 -0.019805 0.205837
0.977361 0.054909 -0.019931 0.203354
0.977985 0.054844 -0.020068 0.200338
0.978721 0.054770 -0.020298 0.196705
0.979343 0.054687 -0.020436 0.193595
0.979383 0.054707 -0.020365 0.193395
0.978813 0.054776 -0.020224 0.196256
0.978247 0.054817 -0.020125 0.199056
0.977663 0.054954 -0.020058 0.201873
0.976838 0.055081 -0.019891 0.205813
0.975979 0.055150 -0.019673 0.209849
0.975977 0.055145 -0.019646 0.209861
0.976794 0.055061 -0.019837 0.206030
0.977611 0.055004 -0.020078 0.202110
0.979103 0.054865 -0.020558 0.194742
0.981156 0.054619 -0.021249 0.184114
0.982946 0.054376 -0.021869 0.174307
0.983426 0.054298 -0.022021 0.171579
0.982726 0.054378 -0.021779 0.175552
0.981993 0.054438 -0.021525 0.179621
0.982945 0.054331 -0.021785 0.174337
0.985394 0.054071 -0.022544 0.159895
0.987482 0.053782 -0.023287 0.146439
0.987334 0.053781 -0.023272 0.147435
0.984926 0.054029 -0.022413 0.162784
0.982419 0.054266 -0.021598 0.177321
0.980624 0.054445 -0.021069 0.187001
0.979545 0.054558 -0.020729 0.192576
0.978604 0.054683 -0.020408 0.197299
0.978829 0.054661 -0.020456 0.196182
0.980170 0.054502 -0.020883 0.189368
0.981381 0.054335 -0.021274 0.182992
0.982327 0.054203 -0.021597 0.177845
0.983085 0.054125 -0.021833 0.173601
0.983760 0.054061 -0.021977 0.169735
0.984152 0.054035 -0.022031 0.167448
0.984258 0.054013 -0.022017 0.166838
0.984360 0.054020 -0.022012 0.166231
0.985081 0.053994 -0.022252 0.161882
0.986277 0.053852 -0.022698 0.154410
0.987304 0.053687 -0.023086 0.147701
0.987284 0.053663 -0.023114 0.147836
0.986258 0.053780 -0.022712 0.154556
0.985298 0.053941 -0.022347 0.160556
0.985218 0.053988 -0.022330 0.161036
0.985874 0.053850 -0.022570 0.156985
0.986475 0.053707 -0.022771 0.153180
0.985751 0.053774 -0.022490 0.157789
0.983705 0.054073 -0.021857 0.170068
0.983195 0.054181 -0.021702 0.172977
0.984279 0.054077 -0.022068 0.166684
0.985289 0.053957 -0.022490 0.160587
0.986731 0.053716 -0.023014 0.151483
0.988520 0.053360 -0.023615 0.139369
0.990053 0.053043 -0.024130 0.128060
0.992058 0.052653 -0.024995 0.111459
0.994233 0.052125 -0.026145 0.090001
0.995807 0.051582 -0.027203 0.070487
0.995780 0.051564 -0.027252 0.070857
0.994239 0.052108 -0.026286 0.089900
0.992402 0.052622 -0.025305 0.108301
0.991026 0.052907 -0.024627 0.120255
0.990375 0.053032 -0.024291 0.125516
0.989823 0.053140 -0.024057 0.129801
0.988868 0.053266 -0.023740 0.136893
0.987517 0.053478 -0.023283 0.146316
0.986230 0.053726 -0.022854 0.154728
0.984716 0.053958 -0.022380 0.164080
0.983016 0.054212 -0.021841 0.173964
0.981308 0.054421 -0.021275 0.183357
0.980615 0.054410 -0.020979 0.187068
0.981185 0.054296 -0.021064 0.184077
0.981777 0.054182 -0.021230 0.180907
0.981584 0.054154 -0.021239 0.181957
0.980740 0.054298 -0.021035 0.186437
0.979915 0.054438 -0.020766 0.190714
0.979799 0.054473 -0.020684 0.191307
0.980406 0.054438 -0.020832 0.188164
0.980956 0.054378 -0.020966 0.185279
0.981067 0.054340 -0.021012 0.184699
0.980797 0.054364 -0.020959 0.186124
0.980509 0.054376 -0.020855 0.187644
0.980904 0.054346 -0.020950 0.185565
0.981904 0.054267 -0.021261 0.180186
0.982755 0.054159 -0.021528 0.175487
0.984011 0.053987 -0.021892 0.168311
0.985607 0.053738 -0.022373 0.158712
0.987026 0.053517 -0.022822 0.149650
0.987537 0.053420 -0.023037 0.146241
0.987238 0.053445 -0.022975 0.148249
0.986951 0.053491 -0.022912 0.150141
0.986734 0.053582 -0.022866 0.151535
0.986487 0.053636 -0.022761 0.153126
0.986225 0.053642 -0.022707 0.154814
0.985903 0.053703 -0.022603 0.156847
0.985469 0.053786 -0.022367 0.159556
0.985059 0.053855 -0.022212 0.162062
0.984418 0.053932 -0.021997 0.165916
0.983549 0.054023 -0.021695 0.171004
0.982888 0.054094 -0.021493 0.174767
0.982448 0.054150 -0.021365 0.177223
0.981999 0.054169 -0.021272 0.179700
0.982484 0.054059 -0.021398 0.177044
0.983896 0.053872 -0.021771 0.169032
0.985182 0.053707 -0.022166 0.161374
0.986231 0.053537 -0.022529 0.154838
0.987119 0.053397 -0.022824 0.149075
0.987928 0.053299 -0.023120 0.143608
0.988241 0.053288 -0.023299 0.141411
0.988079 0.053345 -0.023286 0.142522
0.987891 0.053406 -0.023187 0.143808
0.987970 0.053386 -0.023187 0.143276
0.988297 0.053282 -0.023320 0.141017
0.988614 0.053197 -0.023490 0.138785
0.988002 0.053257 -0.023273 0.143091
0.986380 0.053423 -0.022665 0.153907
0.984747 0.053569 -0.022140 0.164055
0.984120 0.053688 -0.021984 0.167758
0.984448 0.053710 -0.022123 0.165793
0.984752 0.053681 -0.022251 0.163970
0.984874 0.053616 -0.022308 0.163248
0.984876 0.053559 -0.022298 0.163261
0.984942 0.053575 -0.022285 0.162858
0.985622 0.053529 -0.022490 0.158673
0.986821 0.053379 -0.022934 0.151028
0.987869 0.053214 -0.023318 0.144010
0.988377 0.053077 -0.023478 0.140507
0.988509 0.053042 -0.023545 0.139577
0.988699 0.053095 -0.023653 0.138186
0.989001 0.053145 -0.023796 0.135963
0.989375 0.053158 -0.023910 0.133188
0.989681 0.053140 -0.023988 0.130892
0.989489 0.053185 -0.023913 0.132329
0.988817 0.053307 -0.023662 0.137256
0.988170 0.053420 -0.023490 0.141826
0.987518 0.053522 -0.023322 0.146284
0.986860 0.053627 -0.023086 0.150659
0.986214 0.053702 -0.022854 0.154843
0.985605 0.053750 -0.022673 0.158683
0.985106 0.053834 -0.022536 0.161739
0.984638 0.053915 -0.022329 0.164568
0.983975 0.053969 -0.022008 0.168513
0.983186 0.054050 -0.021758 0.173063
0.982409 0.054119 -0.021517 0.177426
0.983281 0.054008 -0.021728 0.172537
0.985606 0.053719 -0.022464 0.158717
0.987595 0.053407 -0.023173 0.145832
0.988467 0.053239 -0.023532 0.139806
0.988359 0.053213 -0.023575 0.140570
0.987699 0.053335 -0.023374 0.145118
0.986540 0.053615 -0.022952 0.152767
0.985340 0.053821 -0.022557 0.160312
0.984945 0.053873 -0.022425 0.162724
0.985459 0.053859 -0.022585 0.159560
0.985976 0.053846 -0.022758 0.156313
0.985879 0.053893 -0.022770 0.156906
0.985216 0.054041 -0.022526 0.161002
0.984549 0.054177 -0.022256 0.165022
0.984496 0.054208 -0.022210 0.165334
0.985003 0.054123 -0.022279 0.162306
0.985485 0.054031 -0.022418 0.159367
0.985444 0.054039 -0.022476 0.159609
0.984815 0.054103 -0.022290 0.163448
0.984221 0.054180 -0.022074 0.166994
0.984662 0.054095 -0.022227 0.164381
0.986054 0.053862 -0.022693 0.155828
0.987360 0.053687 -0.023141 0.147315
0.987463 0.053685 -0.023212 0.146618
0.986400 0.053842 -0.022823 0.153609
0.985373 0.054015 -0.022435 0.160058
0.984918 0.054114 -0.022302 0.162822
0.984961 0.054111 -0.022330 0.162556
0.985037 0.054110 -0.022383 0.162089
0.985121 0.054091 -0.022440 0.161577
0.985234 0.054047 -0.022503 0.160894
0.985343 0.053998 -0.022539 0.160236
0.984839 0.054049 -0.022302 0.163320
0.983730 0.054196 -0.021834 0.169884
0.982592 0.054274 -0.021417 0.176379
0.981370 0.054346 -0.021021 0.183078
0.980017 0.054398 -0.020606 0.190217
0.978801 0.054486 -0.020303 0.196388
0.978173 0.054608 -0.020143 0.199474
0.977971 0.054649 -0.020088 0.200457
0.977759 0.054652 -0.020034 0.201491
0.979224 0.054501 -0.020451 0.194246
0.982132 0.054190 -0.021242 0.178966
0.984686 0.053906 -0.021962 0.164332
0.986357 0.053749 -0.022520 0.153962
0.987180 0.053628 -0.022817 0.148590
0.987874 0.053497 -0.023103 0.143905
0.988674 0.053393 -0.023425 0.138289
0.989410 0.053218 -0.023674 0.132952
0.990017 0.053104 -0.023986 0.128339
0.990230 0.053201 -0.024113 0.126625
0.989987 0.053314 -0.023958 0.128491
0.989664 0.053331 -0.023836 0.130970
0.988887 0.053452 -0.023495 0.136723
0.987622 0.053667 -0.022981 0.145580
0.986935 0.053775 -0.022769 0.150164
0.986888 0.053785 -0.022807 0.150461
0.986885 0.053794 -0.022894 0.150464
0.986489 0.053810 -0.022820 0.153044
0.985691 0.053842 -0.022492 0.158139
0.985009 0.053934 -0.022179 0.162349
0.984984 0.054031 -0.022118 0.162477
0.985472 0.054043 -0.022272 0.159464
0.985823 0.053977 -0.022379 0.157284
0.986436 0.053831 -0.022560 0.153416
0.987352 0.053647 -0.022904 0.147422
0.988247 0.053531 -0.023282 0.141278
0.988468 0.053542 -0.023381 0.139708
0.987950 0.053602 -0.023207 0.143328
0.987379 0.053641 -0.022990 0.147233
0.987137 0.053681 -0.022878 0.148850
0.987191 0.053694 -0.022878 0.148485
0.987159 0.053652 -0.022816 0.148720
0.987115 0.053597 -0.022782 0.149036
0.987164 0.053578 -0.022864 0.148709
0.987262 0.053599 -0.022997 0.148029
0.987065 0.053619 -0.023017 0.149326
0.986631 0.053681 -0.022921 0.152158
0.986185 0.053735 -0.022740 0.155033
0.985736 0.053750 -0.022601 0.157876
0.985377 0.053796 -0.022487 0.160099
0.985029 0.053827 -0.022350 0.162235
0.984824 0.053831 -0.022314 0.163481
0.984805 0.053842 -0.022365 0.163584
0.984811 0.053869 -0.022392 0.163536
0.985152 0.053878 -0.022507 0.161450
0.985700 0.053778 -0.022656 0.158081
0.986168 0.053650 -0.022767 0.155163
0.985776 0.053719 -0.022626 0.157634
0.984441 0.053915 -0.022144 0.165765
0.983110 0.054099 -0.021663 0.173489
0.982506 0.054176 -0.021454 0.176878
0.982654 0.054152 -0.021510 0.176058
0.982819 0.054125 -0.021546 0.175135
0.982383 0.054197 -0.021390 0.177563
0.981305 0.054343 -0.021051 0.183424
0.980292 0.054478 -0.020773 0.188756
0.980581 0.054470 -0.020855 0.187240
0.982004 0.054300 -0.021213 0.179637
0.983282 0.054111 -0.021579 0.172520
0.983739 0.054001 -0.021760 0.169908
0.983468 0.053993 -0.021746 0.171474
0.983191 0.054012 -0.021658 0.173060
0.983004 0.054049 -0.021565 0.174115
0.982874 0.054073 -0.021511 0.174847
0.981924 0.054170 -0.021194 0.180117
0.980113 0.054318 -0.020657 0.189742
0.978363 0.054489 -0.020198 0.198567
0.977494 0.054675 -0.019986 0.202774
0.977450 0.054781 -0.020044 0.202951
0.977356 0.054800 -0.020062 0.203396
0.978478 0.054634 -0.020342 0.197945
0.980878 0.054416 -0.021022 0.185673
0.983058 0.054236 -0.021711 0.173738
0.984229 0.054083 -0.022097 0.166972
0.984669 0.054056 -0.022236 0.164350
0.985050 0.054053 -0.022408 0.162026
0.985446 0.053988 -0.022543 0.159605
0.985904 0.053876 -0.022730 0.156762
0.986318 0.053772 -0.022927 0.154143
0.986483 0.053725 -0.022967 0.153091
0.986400 0.053711 -0.022875 0.153647
0.986369 0.053742 -0.022857 0.153836
0.986154 0.053801 -0.022848 0.155191
0.985742 0.053882 -0.022764 0.157768
0.985393 0.053991 -0.022735 0.159903
0.985110 0.054040 -0.022736 0.161620
0.984889 0.054033 -0.022682 0.162969
0.984667 0.054012 -0.022565 0.164328
0.983829 0.054118 -0.022263 0.169280
0.982313 0.054341 -0.021734 0.177865
0.980790 0.054522 -0.021229 0.186083
0.980291 0.054581 -0.021066 0.188697
0.980802 0.054536 -0.021205 0.186021
0.981274 0.054459 -0.021339 0.183523
0.980615 0.054500 -0.021132 0.187021
0.978836 0.054664 -0.020661 0.196127
0.977126 0.054857 -0.020194 0.204471
0.977157 0.054933 -0.020141 0.204304
0.978799 0.054852 -0.020536 0.196270
0.980223 0.054729 -0.020872 0.189031
0.980439 0.054674 -0.020858 0.187922
0.979677 0.054752 -0.020611 0.191862
0.978942 0.054841 -0.020388 0.195573
0.978594 0.054829 -0.020255 0.197325
0.978774 0.054800 -0.020281 0.196437
0.978999 0.054785 -0.020399 0.195302
0.979538 0.054691 -0.020588 0.192588
0.980477 0.054611 -0.020791 0.187752
0.981331 0.054529 -0.021022 0.183235
0.982062 0.054456 -0.021230 0.179270
0.982717 0.054406 -0.021466 0.175633
0.983297 0.054351 -0.021729 0.172339
0.983908 0.054273 -0.021967 0.168808
0.984557 0.054183 -0.022132 0.164990
0.985381 0.054066 -0.022346 0.160007
0.986333 0.053892 -0.022683 0.154039
0.987209 0.053760 -0.023019 0.148320
0.987704 0.053705 -0.023163 0.144985
0.987867 0.053705 -0.023180 0.143869
0.988003 0.053701 -0.023232 0.142922
0.987925 0.053730 -0.023204 0.143452
0.987621 0.053784 -0.023096 0.145526
0.987291 0.053804 -0.022944 0.147770
0.986745 0.053837 -0.022728 0.151394
0.985965 0.053885 -0.022444 0.156415
0.985213 0.053918 -0.022104 0.161118
0.984971 0.054206 -0.022023 0.162511
0.984915 0.054506 -0.022050 0.162742
0.984544 0.054416 -0.021849 0.165027
0.985201 0.054324 -0.022097 0.161056
0.986624 0.054160 -0.022579 0.152087
0.987807 0.053879 -0.022998 0.144239
0.988607 0.053769 -0.023374 0.138635
0.988934 0.053681 -0.023476 0.136298
